80	80	80	80	80	80	80	80	80	80	80	80	80	80	80	80	80	80	80	80	80	80	80	80	80	80	80	80	80	80	80	80	80	80	80	80	80	80	80	80	80	80	80	80	80	80	80	80	80	80	80	80	80	80	80	80	80	80	80	80	80	80	80	80	80	80	80	80	80	80	80	80	80	80	80	80	80	80	80	80	80	80	80	80	80	80	80	80	80	80	80	80	80	80	80	80	80	80	80	80	80	80	80	80	80	80	80	80	80	80	80	80	80	80	80	80	80	80	80	80	80	80	80	80	80	80	80	80
80	80	80	80	80	80	80	80	80	80	80	80	80	80	80	80	80	80	80	80	80	80	80	80	80	80	80	80	80	80	80	80	80	80	80	80	80	80	80	80	80	80	80	80	80	80	80	80	80	80	80	80	80	80	80	80	80	80	80	80	80	80	80	80	80	80	80	80	80	80	80	80	80	80	80	80	80	80	80	80	80	80	80	80	80	80	80	80	80	80	80	80	80	80	80	80	80	80	80	80	80	80	80	80	80	80	80	80	80	80	80	80	80	80	80	80	80	80	80	80	80	80	80	80	80	80	80	80
80	80	80	80	80	80	80	80	80	80	80	80	80	80	80	80	80	80	80	80	80	80	80	80	80	80	80	80	80	80	80	80	80	80	80	80	80	80	80	80	80	80	80	80	80	80	80	80	80	80	80	80	80	80	80	80	80	80	80	80	80	80	80	80	80	80	80	80	80	80	80	80	80	80	80	80	80	80	80	80	80	80	80	80	80	80	80	80	80	80	80	80	80	80	80	80	80	80	80	80	80	80	80	80	80	80	80	80	80	80	80	80	80	80	80	80	80	80	80	80	80	80	80	80	80	80	80	80
80	80	80	80	80	80	80	80	80	80	80	80	80	80	80	80	80	80	80	80	80	80	80	80	80	80	80	80	80	80	80	80	80	80	80	80	80	80	80	80	80	80	80	80	80	80	80	80	80	80	80	80	80	80	80	80	80	80	80	80	80	80	80	80	80	80	80	80	80	80	80	80	80	80	80	80	80	80	80	80	80	80	80	80	80	80	80	80	80	80	80	80	80	80	80	80	80	80	80	80	80	80	80	80	80	80	80	80	80	80	80	80	80	80	80	80	80	80	80	80	80	80	80	80	80	80	80	80
80	80	80	80	80	80	80	80	80	80	80	80	80	80	80	80	80	80	80	80	80	80	80	80	80	80	80	80	80	80	80	80	80	80	80	80	80	80	80	80	80	80	80	80	80	80	80	80	80	80	80	80	80	80	80	80	80	80	80	80	80	80	80	80	80	80	80	80	80	80	80	80	80	80	80	80	80	80	80	80	80	80	80	80	80	80	80	80	80	80	80	80	80	80	80	80	80	80	80	80	80	80	80	80	80	80	80	80	80	80	80	80	80	80	80	80	80	80	80	80	80	80	80	80	80	80	80	80
80	80	80	80	80	80	80	80	80	80	80	80	80	80	80	80	80	80	80	80	80	80	80	80	80	80	80	80	80	80	80	80	80	80	80	80	80	80	80	80	80	80	80	80	80	80	80	80	80	80	80	80	80	80	80	80	80	80	80	80	80	80	80	80	80	80	80	80	80	80	80	80	80	80	80	80	80	80	80	80	80	80	80	80	80	80	80	80	80	80	80	80	80	80	80	80	80	80	80	80	80	80	80	80	80	80	80	80	80	80	80	80	80	80	80	80	80	80	80	80	80	80	80	80	80	80	80	80
80	80	80	80	80	80	80	80	80	80	80	80	80	80	80	80	80	80	80	80	80	80	80	80	80	80	80	80	80	80	80	80	80	80	80	80	80	80	80	80	80	80	80	80	80	80	80	80	80	80	80	80	80	80	80	80	80	80	80	80	80	80	80	80	80	80	80	80	80	80	80	80	80	80	80	80	80	80	80	80	80	80	80	80	80	80	80	80	80	80	80	80	80	80	80	80	80	80	80	80	80	80	80	80	80	80	80	80	80	80	80	80	80	80	80	80	80	80	80	80	80	80	80	80	80	80	80	80
80	80	80	80	80	80	80	80	80	80	80	80	80	80	80	80	80	80	80	80	80	80	80	80	80	80	80	80	80	80	80	80	80	80	80	80	80	80	80	80	80	80	80	80	80	80	80	80	80	80	80	80	80	80	80	80	80	80	80	80	80	80	80	80	80	80	80	80	80	80	80	80	80	80	80	80	80	80	80	80	80	80	80	80	80	80	80	80	80	80	80	80	80	80	80	80	80	80	80	80	80	80	80	80	80	80	80	80	80	80	80	80	80	80	80	80	80	80	80	80	80	80	80	80	80	80	80	80
80	80	80	80	80	80	80	80	80	80	80	80	80	80	80	80	80	80	80	80	80	80	80	80	80	80	80	80	80	80	80	80	80	80	80	80	80	80	80	80	80	80	80	80	80	80	80	80	80	80	80	80	80	80	80	80	80	80	80	80	80	80	80	80	80	80	80	80	80	80	80	80	80	80	80	80	80	80	80	80	80	80	80	80	80	80	80	80	80	80	80	80	80	80	80	80	80	80	80	80	80	80	80	80	80	80	80	80	80	80	80	80	80	80	80	80	80	80	80	80	80	80	80	80	80	80	80	80
80	80	80	80	80	80	80	80	80	80	80	80	80	80	80	80	80	80	80	80	80	80	80	80	80	80	80	80	80	80	80	80	80	80	80	80	80	80	80	80	80	80	80	80	80	80	80	80	80	80	80	80	80	80	80	80	80	80	80	80	80	80	80	80	80	80	80	80	80	80	80	80	80	80	80	80	80	80	80	80	80	80	80	80	80	80	80	80	80	80	80	80	80	80	80	80	80	80	80	80	80	80	80	80	80	80	80	80	80	80	80	80	80	80	80	80	80	80	80	80	80	80	80	80	80	80	80	80
80	80	80	80	80	80	80	80	80	80	80	80	80	80	80	80	80	80	80	80	80	80	80	80	80	80	80	80	80	80	80	80	80	80	80	80	80	80	80	80	80	80	80	80	80	80	80	80	80	80	80	80	80	80	80	80	80	80	80	80	80	80	80	80	80	80	80	80	80	80	80	80	80	80	80	80	80	80	80	80	80	80	80	80	80	80	80	80	80	80	80	80	80	80	80	80	80	80	80	80	80	80	80	80	80	80	80	80	80	80	80	80	80	80	80	80	80	80	80	80	80	80	80	80	80	80	80	80
80	80	80	80	80	80	80	80	80	80	80	80	80	80	80	80	80	80	80	80	80	80	80	80	80	80	80	80	80	80	80	80	80	80	80	80	80	80	80	80	80	80	80	80	80	80	80	80	80	80	80	80	80	80	80	80	80	80	80	80	80	80	80	80	80	80	80	80	80	80	80	80	80	80	80	80	80	80	80	80	80	80	80	80	80	80	80	80	80	80	80	80	80	80	80	80	80	80	80	80	80	80	80	80	80	80	80	80	80	80	80	80	80	80	80	80	80	80	80	80	80	80	80	80	80	80	80	80
80	80	80	80	80	80	80	80	80	80	80	80	80	80	80	80	80	80	80	80	80	80	80	80	80	80	80	80	80	80	80	80	80	80	80	80	80	80	80	80	80	80	80	80	80	80	80	80	80	80	80	80	80	80	80	80	80	80	80	80	80	80	80	80	80	80	80	80	80	80	80	80	80	80	80	80	80	80	80	80	80	80	80	80	80	80	80	80	80	80	80	80	80	80	80	80	80	80	80	80	80	80	80	80	80	80	80	80	80	80	80	80	80	80	80	80	80	80	80	80	80	80	80	80	80	80	80	80
80	80	80	80	80	80	80	80	80	80	80	80	80	80	80	80	80	80	80	80	80	80	80	80	80	80	80	80	80	80	80	80	80	80	80	80	80	80	80	80	80	80	80	80	80	80	80	80	80	80	80	80	80	80	80	80	80	80	80	80	80	80	80	80	80	80	80	80	80	80	80	80	80	80	80	80	80	80	80	80	80	80	80	80	80	80	80	80	80	80	80	80	80	80	80	80	80	80	80	80	80	80	80	80	80	80	80	80	80	80	80	80	80	80	80	80	80	80	80	80	80	80	80	80	80	80	80	80
80	80	80	80	80	80	80	80	80	80	80	80	80	80	80	80	80	80	80	80	80	80	80	80	80	80	80	80	80	80	80	80	80	80	80	80	80	80	80	80	80	80	80	80	80	80	80	80	80	80	80	80	80	80	80	80	80	80	80	80	80	80	80	80	80	80	80	80	80	80	80	80	80	80	80	80	80	80	80	80	80	80	80	80	80	80	80	80	80	80	80	80	80	80	80	80	80	80	80	80	80	80	80	80	80	80	80	80	80	80	80	80	80	80	80	80	80	80	80	80	80	80	80	80	80	80	80	80
80	80	80	80	80	80	80	80	80	80	80	80	80	80	80	80	80	80	80	80	80	80	80	80	80	80	80	80	80	80	80	80	80	80	80	80	80	80	80	80	80	80	80	80	80	80	80	80	80	80	80	80	80	80	80	80	80	80	80	80	80	80	80	80	80	80	80	80	80	80	80	80	80	80	80	80	80	80	80	80	80	80	80	80	80	80	80	80	80	80	80	80	80	80	80	80	80	80	80	80	80	80	80	80	80	80	80	80	80	80	80	80	80	80	80	80	80	80	80	80	80	80	80	80	80	80	80	80
80	80	80	80	80	80	80	80	80	80	80	80	80	80	80	80	80	80	80	80	80	80	80	80	80	80	80	80	80	80	80	80	80	80	80	80	80	80	80	80	80	80	80	80	80	80	80	80	80	80	80	80	80	80	80	80	80	80	80	80	80	80	80	80	80	80	80	80	80	80	80	80	80	80	80	80	80	80	80	80	80	80	80	80	80	80	80	80	80	80	80	80	80	80	80	80	80	80	80	80	80	80	80	80	80	80	80	80	80	80	80	80	80	80	80	80	80	80	80	80	80	80	80	80	80	80	80	80
80	80	80	80	80	80	80	80	80	80	80	80	80	80	80	80	80	80	80	80	80	80	80	80	80	80	80	80	80	80	80	80	80	80	80	80	80	80	80	80	80	80	80	80	80	80	80	80	80	80	80	80	80	80	80	80	80	80	80	80	80	80	80	80	80	80	80	80	80	80	80	80	80	80	80	80	80	80	80	80	80	80	80	80	80	80	80	80	80	80	80	80	80	80	80	80	80	80	80	80	80	80	80	80	80	80	80	80	80	80	80	80	80	80	80	80	80	80	80	80	80	80	80	80	80	80	80	80
80	80	80	80	80	80	80	80	80	80	80	80	80	80	80	80	80	80	80	80	80	80	80	80	80	80	80	80	80	80	80	80	80	80	80	80	80	80	80	80	80	80	80	80	80	80	80	80	80	80	80	80	80	80	80	80	80	80	80	80	80	80	80	80	80	80	80	80	80	80	80	80	80	80	80	80	80	80	80	80	80	80	80	80	80	80	80	80	80	80	80	80	80	80	80	80	80	80	80	80	80	80	80	80	80	80	80	80	80	80	80	80	80	80	80	80	80	80	80	80	80	80	80	80	80	80	80	80
80	80	80	80	80	80	80	80	80	80	80	80	80	80	80	80	80	80	80	80	80	80	80	80	69.8662	71.6338	80	80	80	80	80	80	80	80	80	80	80	80	80	80	80	80	80	80	80	80	80	80	80	80	80	80	80	80	80	80	80	80	80	80	80	80	80	80	80	80	80	80	80	80	80	80	80	80	80	80	80	80	80	80	80	80	80	80	80	80	80	80	80	80	80	80	80	80	80	80	80	80	80	80	80	80	80	80	80	80	80	80	80	80	80	80	80	80	80	80	80	80	80	80	80	80	80	80	80	80	80	80
80	80	80	80	80	80	80	80	80	80	80	80	80	80	80	80	80	80	80	80	80	80	80	69.7337	62.8695	61.7729	68.6904	80	80	80	80	80	80	80	80	80	80	80	80	80	80	80	80	80	80	80	80	80	80	80	80	80	80	80	80	80	80	80	80	80	80	80	80	80	80	80	80	80	80	80	80	80	80	80	80	80	80	80	80	80	80	80	80	80	80	80	80	80	80	80	80	80	80	80	80	80	80	80	80	80	80	80	80	80	80	80	80	80	80	80	80	80	80	80	80	80	80	80	80	80	80	80	80	80	80	80	80	80
80	80	80	80	80	80	80	80	80	80	80	80	80	80	80	80	80	80	80	80	80	80	80	77.6641	61.2198	59.3983	59.3386	66.3143	80	80	80	80	80	80	80	80	80	80	80	80	80	80	80	80	80	80	80	80	80	80	80	80	80	80	80	80	80	80	80	80	80	80	80	80	80	80	80	80	80	80	80	80	80	80	80	80	80	80	80	80	80	80	80	80	80	80	80	80	80	80	80	80	80	80	80	80	80	80	80	80	80	80	80	80	80	80	80	80	80	80	80	80	80	80	80	80	80	80	80	80	80	80	80	80	80	80	80	80
80	80	80	80	80	80	80	80	80	80	80	80	80	80	80	80	80	80	80	80	80	80	80	80	80	58.3771	57.4809	58.4534	64.8635	80	80	80	80	80	80	80	80	80	80	80	80	80	80	80	80	80	80	80	80	80	80	80	80	80	80	80	80	80	80	80	80	80	80	80	80	80	80	80	80	80	80	80	80	80	80	80	80	80	80	80	80	80	80	80	80	80	80	80	80	80	80	80	80	80	80	80	80	80	80	80	80	80	80	80	80	80	80	80	80	80	80	80	80	80	80	80	80	80	80	80	80	80	80	80	80	80	80	80
80	80	80	80	80	80	80	80	80	80	80	80	80	80	80	80	80	80	80	80	80	80	80	80	80	80	58.3339	57.2178	58.4993	63.4966	74.6683	80	80	80	80	80	80	80	80	80	80	80	80	80	80	80	80	80	80	80	80	80	80	80	80	80	80	80	80	80	80	80	80	80	80	80	80	80	80	80	80	80	80	80	80	80	80	80	80	80	80	80	80	80	80	80	80	80	80	80	80	80	80	80	80	80	80	80	80	80	80	80	80	80	80	80	80	80	80	80	80	80	80	80	80	80	80	80	80	80	80	80	80	80	80	80	80	80
80	80	80	80	80	80	80	80	80	80	80	80	80	80	80	80	80	80	80	80	80	80	80	80	80	80	80	58.9212	56.5159	57.1141	61.4136	69.1758	80	80	80	80	80	80	80	80	80	80	80	80	80	80	80	80	80	80	80	80	80	80	80	80	80	80	80	80	80	80	80	80	80	80	80	80	80	80	80	80	80	80	80	80	80	80	80	80	80	80	80	80	80	80	80	80	80	80	80	80	80	80	80	80	80	80	80	80	80	80	80	80	80	80	80	80	80	80	80	80	80	80	80	80	80	80	80	80	80	80	80	80	80	80	80	80
80	80	80	80	80	80	80	80	80	80	80	80	80	80	80	80	80	80	80	80	80	80	80	80	80	80	80	80	59.9441	56.1121	55.963	59.3476	64.9047	74.6097	80	80	80	80	80	80	80	80	80	80	80	80	80	80	80	80	80	80	80	80	80	80	80	80	80	80	80	80	80	80	80	80	80	80	80	80	80	80	80	80	80	80	80	80	80	80	80	80	80	80	80	80	80	80	80	80	80	80	80	80	80	80	80	80	80	80	80	80	80	80	80	80	80	80	80	80	80	80	80	80	80	80	80	80	80	80	80	80	80	80	80	80	80	80
80	80	80	80	80	80	80	80	80	80	80	80	80	80	80	80	80	80	80	80	80	80	80	80	80	80	80	80	80	63.7431	55.8523	53.7759	53.1595	62.5186	69.4128	80	80	80	80	80	80	80	80	80	80	80	80	80	80	80	80	80	80	80	80	80	80	80	80	80	80	80	80	80	80	80	80	80	80	80	80	80	80	80	80	75.369	73.8584	73.3527	73.112	74.0573	75.6745	80	80	80	80	80	80	73.8439	66.0134	61.7364	80	80	80	80	80	80	80	80	80	80	80	80	80	80	80	80	80	80	80	80	80	80	80	80	80	80	80	80	80	80	80	80	80	80	80	80	80	80
80	80	80	80	80	80	80	80	80	80	80	80	80	80	80	80	80	80	80	80	80	80	80	80	80	80	80	80	80	80	64.0556	48.3222	44.7324	46.5063	55.464	65.1111	73.4282	80	80	80	80	80	80	80	80	80	80	80	80	80	80	80	80	80	80	80	80	80	80	80	80	80	80	80	80	80	80	80	80	80	80	80	80	80	80	80	71.7286	71.2961	71.6446	71.5223	72.4287	73.7723	80	80	75.6189	71.8774	61.1649	51.2531	49.6746	56.5931	80	80	80	80	80	80	80	80	80	80	80	80	80	80	80	80	80	80	80	80	80	80	80	80	80	80	80	80	80	80	80	80	80	80	80	80	80	80
80	80	80	80	80	80	80	80	80	80	80	80	80	80	80	80	80	80	80	80	80	80	80	80	80	80	80	80	80	80	64.5265	54.8501	44.9244	41.8599	44.3977	51.2708	62.3436	67.4537	74.0673	80	80	80	80	80	80	80	80	80	80	80	80	80	80	80	80	80	80	80	80	80	80	80	80	80	80	80	80	80	80	80	80	80	80	80	80	77.3489	68.7488	67.6443	69.5874	70.529	70.1699	70.471	70.2104	71.1625	63.94	55.5468	44.4833	45.2737	49.2063	58.2167	75.3953	77.5798	80	79.9002	78.3252	80	80	80	80	80	80	80	80	80	80	80	80	80	80	80	80	80	80	80	80	80	80	80	80	80	80	80	80	80	80	80	80	80
80	80	80	80	80	80	80	80	80	80	80	80	80	80	80	80	80	80	80	80	80	80	80	80	80	80	80	80	80	80	64.4796	61.9768	49.3649	45.6314	41.3069	44.1016	48.6816	61.3161	64.4038	69.3153	78.5599	80	80	80	80	80	80	80	80	80	80	80	80	80	80	80	80	80	80	80	80	80	80	80	80	80	80	80	80	80	80	80	80	80	80	72.1544	68.8017	57.6938	55.512	58.0765	64.7952	63.519	60.2835	53.8762	44.1663	43.8588	44.4192	45.5244	49.0782	56.9508	63.7029	62.8872	61.1635	59.7457	55.9137	56.5429	63.7724	65.759	67.6739	69.8526	72.3904	80	80	80	80	80	80	80	80	80	80	80	80	80	80	80	80	80	80	80	80	80	80	80	80	80	80	80
80	80	80	80	80	80	80	80	80	80	80	80	80	80	80	80	80	80	80	80	80	80	80	80	80	80	80	80	80	74.6068	64.0307	61.3083	60.0414	47.3119	45.4235	43.1206	43.8819	47.3404	54.7417	62.9637	66.781	72.2502	80	80	80	80	80	80	80	80	80	80	80	80	80	80	80	80	80	80	80	80	80	80	80	80	80	80	80	80	80	80	80	80	80	80	68.0069	66.1361	56.4	51.1625	40.1577	41.5197	40.673	41.1509	43.4884	43.7881	44.0686	45.0035	47.7	52.4179	54.7266	54.6625	54.1809	52.581	52.0719	54.8641	62.4858	65.0167	68.8295	71.6104	79.6551	80	80	80	80	80	80	80	80	80	80	80	80	80	80	80	80	80	80	80	80	80	80	80	80	80	80	80
80	80	80	80	80	80	80	80	80	80	80	80	80	80	80	80	80	80	80	80	80	80	80	80	80	80	80	80	80	69.3152	63.1057	61.0704	59.6596	51.7929	45.62	44.5339	44.595	43.6187	46.1316	50.4472	61.6355	64.7394	68.9395	76.0517	80	80	80	80	80	80	80	80	80	80	80	80	80	80	80	80	80	80	80	80	80	80	80	80	80	80	80	80	80	80	73.3834	70.4104	60.0829	56.6863	54.7908	39.0936	37.848	38.8645	40.2902	41.448	42.8287	43.1054	43.3923	44.1967	45.8929	48.361	49.6109	50.0298	49.8138	49.3621	49.6574	55.1578	58.5424	61.7463	80	80	80	80	80	80	80	80	80	80	80	80	80	80	80	80	80	80	80	80	80	80	80	80	80	80	80	80	80	80
80	80	80	80	80	80	80	80	80	80	80	80	80	80	80	80	80	80	80	80	80	80	80	80	80	80	80	80	80	67.877	63.4081	61.4184	59.8889	58.6155	45.4738	43.9749	43.192	44.8381	44.6728	44.7877	47.6944	55.9067	63.3441	66.5254	71.2903	80	80	80	80	80	80	80	80	80	80	80	80	80	80	80	80	80	80	80	80	80	80	80	80	80	80	80	76.3889	70.2985	67.8661	66.4681	65.5558	56.2013	43.9328	37.4632	38.7575	38.8076	40.2112	40.9959	41.4234	41.3293	41.4481	42.8664	44.0739	45.5775	47.3183	48.1969	48.7443	49.2211	49.4098	51.1434	53.6106	80	80	80	80	80	80	80	80	80	80	80	80	80	80	80	80	80	80	80	80	80	80	80	80	80	80	80	80	80	80	80
80	80	80	80	80	80	80	80	80	80	80	80	80	80	80	80	80	80	80	80	80	80	80	80	80	80	80	80	80	67.6463	63.8508	61.872	60.1906	58.7898	57.6324	43.7931	42.4422	41.83	43.7019	45.0245	44.9857	46.2846	50.6593	61.8504	64.4865	67.5317	71.6346	80	80	80	80	80	80	80	80	80	80	80	80	80	80	80	80	80	80	80	80	80	80	80	80	80	77.1892	71.2206	68.8092	66.9586	65.8935	63.3238	40.36	37.505	37.9228	38.1359	38.7877	39.4151	39.2378	39.6063	39.991	41.3656	43.2301	43.7513	44.6878	46.0554	47.4216	47.8553	48.1493	49.4649	71.3375	80	80	80	80	80	80	80	80	80	80	80	80	80	80	80	80	80	80	80	80	80	80	80	80	80	80	80	80	80	80	80
80	80	80	80	80	80	80	80	80	80	80	80	80	80	80	80	80	80	80	80	80	80	80	80	80	80	80	80	74.7401	67.582	64.9732	62.8719	60.8555	59.1217	57.6679	44.0231	42.085	40.834	40.5946	42.526	44.9916	45.6351	45.9632	47.803	53.4243	62.5244	65.1039	68.2196	72.0352	80	80	80	80	80	80	80	80	80	80	80	80	80	80	80	80	80	80	80	80	80	80	80	80	80	80	75.9663	70.1308	57.4462	37.5537	36.9188	37.3472	38.2714	38.9352	37.7448	37.1202	38.3145	40.3831	41.8158	41.9046	42.8604	45.5349	46.8828	47.752	48.9128	55.7496	71.555	80	80	80	80	80	80	80	80	80	80	80	80	80	80	80	80	80	80	80	80	80	80	80	80	80	80	80	80	80	80	80	80
80	80	80	80	80	80	80	80	80	80	80	80	80	80	80	80	80	80	80	80	80	80	80	80	80	80	80	80	71.3322	67.3296	65.6013	64.2761	62.3276	59.9546	57.8191	47.0955	42.2325	40.9502	39.9926	39.5624	41.6443	44.5615	45.8085	46.6813	47.1962	48.4593	55.3843	63.2934	65.0263	67.6911	72.6343	79.8944	80	80	80	80	80	80	80	80	80	80	80	80	80	80	80	80	80	80	80	80	80	80	80	70.6074	65.2927	53.4727	38.3203	36.3614	37.2413	38.1567	38.141	36.9057	37.0445	38.823	40.9256	41.6177	40.6866	43.3994	45.4917	48.0175	50.519	51.4532	60.2255	79.2673	80	80	80	80	80	80	80	80	80	80	80	80	80	80	80	80	80	80	80	80	80	80	80	80	80	80	80	80	80	80	80	80
80	80	80	80	80	80	80	80	80	80	80	80	80	80	80	80	80	80	80	80	80	80	80	80	80	80	80	80	71.1946	66.9185	64.2696	63.4965	62.5102	60.5264	58.7051	51.2042	42.9392	41.2697	40.1897	39.342	38.9147	40.7295	43.4386	46.1097	46.3295	48.4809	47.5922	50.0168	56.8695	63.0876	64.9424	67.2403	70.2757	75.7933	80	80	80	80	80	80	80	80	80	80	80	80	80	80	80	80	80	80	80	69.9784	65.6052	64.1906	61.5999	49.7251	35.8296	36.3293	37.2288	37.9194	37.3965	36.7272	37.6417	39.8991	41.5471	40.3092	40.5557	46.1539	46.9086	49.0887	50.8655	52.3784	56.5273	65.8016	72.3116	78.7344	80	80	80	80	80	80	80	80	80	80	80	80	80	80	80	80	80	80	80	80	80	80	80	80	80	80	80	80	80	80
80	80	80	80	80	80	80	80	80	80	80	80	80	80	80	80	80	80	80	80	80	80	80	80	80	80	80	80	80	72.7755	65.9879	62.2586	60.5538	58.3421	57.1008	50.9656	43.4054	42.0596	40.6595	39.7066	38.9031	38.4375	39.8718	42.2227	44.8676	45.9439	46.9363	48.7104	50.3346	51.4236	57.2125	63.2105	64.5365	66.0816	68.7862	72.1166	76.9346	80	80	80	80	80	80	80	80	80	80	80	80	80	80	80	67.9581	65.1839	63.0883	61.0376	57.7873	48.1341	39.7581	37.0981	37.0086	38.1326	38.6835	38.5155	38.6169	39.1	41.421	40.7978	43.1538	45.3277	47.4437	49.6798	50.905	51.6672	53.4686	60.0257	79.1984	80	80	80	80	80	80	80	80	80	80	80	80	80	80	80	80	80	80	80	80	80	80	80	80	80	80	80	80	80	80	80
80	80	80	80	80	80	80	80	80	80	80	80	80	80	80	80	80	80	80	80	80	80	80	80	80	80	80	80	80	80	80	69.8155	60.723	57.3164	55.7529	46.2202	42.0137	40.5268	39.6909	39.4012	38.9578	38.1287	38.2216	38.6483	41.0539	43.1734	45.1262	46.2039	46.8783	49.0999	51.848	50.9726	54.782	61.458	63.722	65.1766	66.8138	68.7534	70.6949	73.3919	79.2165	80	80	80	80	80	80	80	80	80	80	68.0738	65.1768	63.6833	62.3906	60.8244	55.3278	47.8723	39.445	38.6134	37.6667	37.7907	38.7901	39.8254	40.0372	40.237	41.0649	41.8766	45.2191	47.716	49.3596	49.854	50.4363	52.1461	54.35	60.9279	80	80	80	80	80	80	80	80	80	80	80	80	80	80	80	80	80	80	80	80	80	80	80	80	80	80	80	80	80	80	80	80
80	80	80	80	80	80	80	80	80	80	80	80	80	80	80	80	80	80	80	80	80	80	80	80	80	80	80	80	80	80	80	80	80	63.5901	54.1773	44.8593	41.3311	39.7174	38.4334	37.2685	36.6552	36.8192	36.7125	37.2	37.7975	39.3668	41.6447	43.7327	45.775	47.7485	47.7	49.0436	50.9167	50.1342	51.3386	56.0031	63.4235	64.1931	65.1802	66.1779	67.5116	69.8929	73.6058	80	80	80	80	80	80	80	80	68.1978	65.9063	64.7306	63.5335	61.71	55.2486	49.0439	44.0084	38.5726	38.3062	39.6186	38.8656	40.0956	41.409	42.4329	42.2688	43.9036	48.0659	50.8597	51.7402	51.1295	55.3237	54.6724	62.6797	80	80	80	80	80	80	80	80	80	80	80	80	80	80	80	80	80	80	80	80	80	80	80	80	80	80	80	80	80	80	80	80	80
80	80	80	80	80	80	80	80	80	80	80	80	80	80	80	80	80	80	80	80	80	80	80	80	80	80	80	80	80	80	80	80	80	80	59.5144	52.445	46.5045	40.7212	38.3437	37.2022	35.6499	34.78	34.8783	35.1425	35.0921	35.7942	37.9617	39.9764	41.9846	44.2257	46.5151	48.4453	48.6406	49.1045	51.021	52.966	50.461	52.5453	56.2777	63.002	63.6712	64.6645	66.0312	68.5733	72.4394	80	80	80	80	80	80	80	75.5856	69.309	65.936	61.4567	55.2298	49.2492	45.3829	42.9058	42.1615	40.3522	39.7899	42.167	42.5692	46.4603	46.9094	55.0081	80	80	80	66.8565	63.1462	70.1326	80	80	80	80	80	80	80	80	80	80	80	80	80	80	80	80	80	80	80	80	80	80	80	80	80	80	80	80	80	80	80	80	80	80
80	80	80	80	80	80	80	80	80	80	80	80	80	80	80	80	80	80	80	80	80	80	80	80	80	80	80	80	80	80	80	80	80	72.2083	64.661	52.2846	48.9438	46.4487	44.9798	40.7773	37.5142	35.8423	35.1383	34.6123	34.0096	33.7551	33.9407	34.9725	37.1675	39.7281	42.2288	44.2528	46.5184	48.2255	49.7721	48.801	49.7121	50.9036	51.4695	51.0668	54.2593	61.8246	63.1654	64.0955	66.2191	70.5116	80	80	80	80	80	80	80	80	77.9026	61.9449	53.4365	49.1756	45.8094	43.7345	41.7429	40.0411	43.6452	43.6701	49.9278	54.348	65.1088	80	80	80	80	80	80	80	80	80	80	80	80	80	80	80	80	80	80	80	80	80	80	80	80	80	80	80	80	80	80	80	80	80	80	80	80	80	80	80	80	80
80	80	80	80	80	80	80	80	80	80	80	80	80	80	80	80	80	80	80	80	80	80	80	80	80	80	80	80	80	80	80	80	80	72.6546	63.0741	55.2181	48.241	45.2798	44.1139	43.319	42.215	40.5554	38.0539	35.9777	34.6382	33.3493	33.252	33.13	33.3288	34.7376	36.8091	38.8274	40.8979	43.3745	45.8702	47.7786	50.0187	51.7847	48.6356	49.633	50.0801	49.4453	52.3659	61.7409	62.8756	65.0565	69.038	80	80	80	80	80	80	80	80	64.5026	54.9692	49.5508	45.904	44.126	43.2927	42.7056	44.4576	49.441	52.0791	57.4594	80	80	80	80	80	80	80	80	80	80	80	80	80	80	80	80	80	80	80	80	80	80	80	80	80	80	80	80	80	80	80	80	80	80	80	80	80	80	80	80	80	80
80	80	80	80	80	80	80	80	80	80	80	80	80	80	80	80	80	80	80	80	80	80	80	80	80	80	80	80	80	80	80	80	80	80	72.2203	63.1843	49.8088	46.0661	44.0995	43.1724	42.3246	41.1145	39.8266	39.1442	38.1925	37.0111	37.1455	33.9272	32.6504	32.8641	33.0992	34.2941	35.7994	37.1933	39.0418	41.3388	43.9908	46.4369	48.4464	50.3305	48.2852	45.9164	45.7211	46.9883	54.4016	61.5599	65.4185	80	80	80	80	80	80	80	80	70.0424	55.5271	49.6779	46.3069	43.9455	42.1205	43.0674	45.3931	49.5149	52.5256	56.1864	68.3691	80	80	80	80	80	80	80	80	80	80	80	80	80	80	80	80	80	80	80	80	80	80	80	80	80	80	80	80	80	80	80	80	80	80	80	80	80	80	80	80	80
80	80	80	80	80	80	80	80	80	80	80	80	80	80	80	80	80	80	80	80	80	80	80	80	80	80	80	80	80	80	80	80	80	80	80	71.2785	55.7789	51.7826	50.4171	48.9932	44.4566	42.6427	41.2394	39.936	38.5531	37.3015	36.4501	35.5367	35.0766	34.8634	34.1325	31.4616	31.7662	33.5187	34.9086	36.2355	38.0393	40.0123	42.0354	44.5492	45.9978	46.4111	42.4917	42.3694	44.2971	50.9441	62.9281	69.5931	80	80	80	80	80	80	80	79.3125	56.3145	49.6924	46.5017	44.447	43.1884	43.0367	44.4197	47.5384	50.0093	52.7636	58.9573	80	80	80	80	80	80	80	80	80	80	80	80	80	80	80	80	80	80	80	80	80	80	80	80	80	80	80	80	80	80	80	80	80	80	80	80	80	80	80	80	80
80	80	80	80	80	80	80	80	80	80	80	80	80	80	80	80	80	80	80	80	80	80	80	80	80	80	80	80	80	80	80	80	80	80	80	77.7339	61.9763	54.569	52.4413	51.099	50.1434	49.256	48.2715	46.8482	45.6864	43.8807	38.1826	36.3015	35.2291	34.4572	33.5929	32.7968	32.6372	32.8675	32.6816	32.182	33.1838	34.6716	36.5957	38.7777	40.5085	40.9411	40.3097	39.9539	40.2752	42.5264	52.2707	66.726	80	80	80	80	80	80	80	80	56.9787	49.4348	46.3245	43.6932	43.3979	42.6706	43.0591	46.3554	48.4806	50.4812	54.2697	63.8809	80	80	80	80	80	80	80	80	80	80	80	80	80	80	80	80	80	80	80	80	80	80	80	80	80	80	80	80	80	80	80	80	80	80	80	80	80	80	80	80
80	80	80	80	80	80	80	80	80	80	80	80	80	80	80	80	80	80	78.7455	72.8094	74.948	80	80	80	80	80	80	80	80	80	80	80	80	80	80	72.2809	69.7231	60.5796	54.3513	52.7785	52.1587	51.1564	50.0824	48.2281	46.2131	44.5784	43.2359	42.2289	41.1603	40.2117	39.0431	36.9621	33.9722	32.1686	31.6744	31.6769	32.3229	32.9821	33.1116	33.804	35.1438	36.5899	37.4731	38.3769	38.71	39.8551	44.2705	63.2602	80	80	80	80	80	80	80	68.0288	58.2923	49.784	45.6701	44.1022	43.0614	42.3223	43.57	45.4612	47.7494	48.9029	51.7845	59.5928	80	80	80	80	80	80	80	80	80	80	80	80	80	80	80	80	80	80	80	80	80	80	80	80	80	80	80	80	80	80	80	80	80	80	80	80	80	80	80	80
80	80	80	80	80	80	80	80	80	80	80	80	80	80	80	80	80	73.79	71.7692	70.3824	72.4155	80	80	80	80	80	80	80	80	80	80	80	80	80	73.6653	70.4138	68.6795	65.7066	56.3217	53.4655	52.6832	51.766	50.9326	48.6029	45.8413	43.8719	42.3201	40.9737	39.8013	38.6351	37.6179	36.7033	35.9069	35.9028	34.9459	34.0425	34.2199	35.3386	36.445	33.6223	33.8527	33.6329	34.9164	36.5403	37.5803	38.6968	41.5996	49.7117	80	80	80	80	80	72.7818	68.4372	66.2278	61.2768	51.4249	45.7941	44.3402	43.2323	42.4847	42.5492	43.9362	47.6952	49.2647	51.7237	54.3628	62.1383	80	80	80	80	80	80	80	80	80	80	80	80	80	80	80	80	80	80	80	80	80	80	80	80	80	80	80	80	80	80	80	80	80	80	80	80	80	80	80
80	80	80	80	80	80	80	80	80	80	80	80	80	80	80	80	73.1125	70.3074	68.7246	68.8549	71.6348	80	80	80	80	80	80	80	80	80	80	80	80	78.0046	71.3083	67.7927	65.6061	62.9296	60.7464	53.0743	50.6936	49.0548	47.9783	45.7778	43.5302	41.8452	40.2936	38.9093	37.4542	36.3855	35.6008	35.0127	34.319	33.3812	32.2754	31.3759	30.2561	30.8311	32.021	33.4292	34.4589	31.7822	33.2869	35.3922	36.9318	38.1526	40.1683	45.9427	79.1277	80	80	80	69.7535	68.1488	66.4402	64.6245	61.9909	53.0746	47.403	45.3641	42.9832	42.1099	42.2328	42.0312	44.623	48.9469	48.7925	50.4766	54.6742	70.3219	80	80	80	80	80	80	80	80	80	80	80	80	69.253	69.3263	72.4102	73.8782	80	80	80	80	80	80	80	80	80	80	80	80	80	80	80	80	80	80	80	80	80	80
80	80	80	80	80	80	80	80	80	80	80	80	80	80	80	72.0454	69.4977	67.1997	66.6821	67.5179	70.9561	80	80	80	80	80	80	80	80	80	80	80	80	80	80	72.7536	68.3247	64.678	62.013	59.7801	51.6456	48.8537	47.4877	45.1118	43.1906	41.6321	39.4775	38.0087	37.0216	36.0098	35.072	34.4521	33.5108	32.1341	31.0763	29.7683	28.4738	27.2219	27.968	28.7915	29.5243	29.8112	31.6001	33.9751	36.3721	37.875	39.1856	44.025	64.9014	80	80	71.5668	69.2384	67.1724	64.9942	63.3138	62.5563	55.0403	48.3964	45.6233	42.5613	41.7273	41.374	41.8173	43.3419	47.5147	47.9662	48.4458	51.412	59.9774	80	80	80	80	80	80	80	80	80	80	80	67.8951	63.844	65.6239	68.7599	71.4799	75.3643	80	80	80	80	80	80	80	80	80	80	80	80	80	80	80	80	80	80	80	80	80
80	80	80	80	80	80	80	80	80	80	80	80	80	80	80	70.4432	66.894	65.032	64.913	66.1364	70.1514	80	80	80	80	80	80	80	80	80	80	80	80	80	80	80	80	72.728	68.0241	65.3197	62.3966	55.4364	51.2917	48.1366	45.6639	43.474	41.7382	40.5615	39.5498	38.3685	36.8738	35.4272	33.8642	31.8137	30.264	28.9802	24.4778	23.8839	23.5366	23.4271	24.7947	26.7564	29.281	32.3313	35.4126	37.3996	38.6005	42.8374	56.5124	80	80	72.4633	70.1672	70.0892	68.5647	65.7561	63.596	56.4286	50.4146	45.6175	42.7018	41.9399	39.9925	40.4981	41.2005	43.4403	47.4056	47.5238	49.7727	57.5136	80	80	80	80	80	80	80	80	80	76.5007	67.6819	65.889	63.341	62.753	63.1146	71.3474	70.5972	72.1569	80	80	80	80	80	80	80	80	80	80	80	80	80	80	80	80	80	80	80	80
80	80	80	80	80	80	80	80	80	80	80	80	80	80	80	80	69.5882	65.5093	64.0737	65.756	69.3202	80	80	80	80	80	80	80	80	80	80	80	80	80	80	80	80	80	78.7235	71.7388	67.4884	58.658	54.2485	50.8653	47.5527	44.4286	42.3645	40.2385	38.3094	36.6893	35.1243	33.8296	32.2774	30.6518	28.9941	27.7831	24.0449	23.9005	23.5117	23.1886	23.0228	23.3677	27.2387	30.5636	33.9853	36.7895	38.7172	42.3314	52.5732	80	80	80	80	80	80	80	68.6306	58.0025	50.2516	44.7431	42.1307	41.1955	39.7423	39.3148	40.2972	41.6213	44.4788	48.0206	48.8468	50.2167	56.1901	80	80	80	80	80	80	80	73.237	64.6947	64.0308	65.4563	66.6758	62.3735	65.7037	67.4197	66.8309	71.6042	80	80	80	80	80	80	80	80	80	80	80	80	80	80	80	80	80	80	80	80
80	80	80	80	80	80	80	80	80	80	80	80	80	80	80	80	68.5319	65.048	57.5196	60.3948	59.8292	63.5106	70.53	78.0003	80	80	80	80	80	80	80	80	80	80	80	80	80	80	80	73.3783	62.9379	56.5706	52.4658	48.8964	46.1125	43.5725	41.4554	39.7086	38.7563	37.3485	35.8139	34.3048	32.685	31.2128	29.325	27.622	23.8835	23.8557	23.7827	23.7429	23.8665	23.7687	23.495	28.3172	32.2539	35.9128	38.6419	41.1198	49.9827	75.286	80	80	80	80	80	69.5826	67.5088	60.8213	53.0493	46.3085	42.9911	39.5885	39.0575	38.4594	38.318	39.0928	41.5761	45.2753	46.9664	47.2723	51.1797	60.4905	80	80	80	80	80	80	80	63.6932	62.6985	66.4051	70.1051	65.2488	64.2182	66.0514	75.1119	80	80	80	80	80	80	80	80	80	80	80	80	80	80	80	80	80	80	80	80	80
80	80	80	80	80	80	80	80	80	80	80	80	80	80	80	80	66.6592	53.3154	53.4271	56.1285	57.7393	56.2739	62.4707	66.1656	69.1283	79.2496	80	80	80	80	80	80	80	80	80	80	80	80	75.8683	69.7817	57.2904	49.3909	43.1844	38.5147	35.5506	30.7348	27.1263	27.3195	32.2263	29.9223	28.2935	28.0543	30.2034	30.6557	28.7771	26.287	23.8604	24.0617	24.3408	25.0012	25.0024	24.2765	23.2944	25.8171	30.0902	34.1935	37.7655	40.529	46.7729	66.8235	80	80	80	80	68.4696	66.0564	64.3159	59.9967	53.546	46.8329	43.2497	40.9152	39.9199	37.7962	36.9264	37.7257	38.8953	41.3746	45.8464	46.0098	48.4627	54.1829	80	80	80	80	80	80	80	67.6041	64.0986	57.3605	66.9856	66.3815	66.2905	62.8909	80	80	80	80	80	80	80	80	80	80	80	80	80	80	80	80	80	80	80	80	80	80
80	80	80	80	80	80	80	80	80	80	80	80	80	80	80	80	52.594	48.2056	49.6158	58.7236	59.4425	59.2625	60.4762	61.9613	64.2265	65.7614	71.0199	80	80	80	80	80	80	80	80	80	69.8162	65.0846	57.5296	54.8533	49.4267	44.2373	35.0496	29.2533	25.9825	25.9498	25.7174	25.5873	25.4436	25.4052	24.7088	24.0788	23.7886	23.8688	23.7841	23.9267	24.2713	25.0156	24.8958	24.3759	24.0362	24.0956	23.7117	23.0419	27.7076	31.7553	35.8628	39.3328	44.364	55.3278	80	80	80	80	69.8067	67.0814	64.3113	61.9268	56.3787	48.0569	42.6245	39.8711	38.5752	37.5586	37.8437	36.4157	36.805	40.0245	43.6296	46.1077	47.2346	52.205	66.6267	80	80	80	80	80	80	71.8946	61.2839	53.113	59.2325	61.3761	65.5974	71.3002	80	80	80	80	80	80	80	80	80	80	80	80	80	80	80	80	80	80	80	80	80	80
80	80	80	80	80	80	80	80	80	80	80	80	80	80	80	58.6944	46.712	45.5012	53.4486	56.7113	56.2785	55.7053	56.2244	57.666	59.9097	62.2133	64.5774	71.0776	80	80	80	80	80	80	80	80	60.4594	55.9559	52.4038	46.5315	43.1293	38.3057	32.8102	28.4146	26.4412	26.0026	25.6833	24.9356	24.1535	23.5947	23.4792	23.7335	23.8205	23.8738	24.4569	24.789	24.2772	23.4427	23.5878	23.7752	23.7737	25.2161	25.555	24.103	26.4409	29.6057	33.4655	37.6671	42.6405	48.9492	64.1275	80	80	80	80	74.1033	68.004	64.5853	56.0721	49.5157	43.7279	41.087	38.0078	37.2295	36.6084	36.128	36.3521	37.5952	39.859	45.2654	47.1348	48.6805	52.2888	62.5022	80	80	80	80	80	72.9074	58.6595	49.829	44.0783	51.2589	66.7498	80	80	80	80	80	80	80	80	80	80	80	80	80	80	80	80	80	80	80	80	80	80	80
80	80	80	80	80	80	80	80	80	80	80	80	80	80	67.5291	51.0974	44.1334	43.3551	55.4998	55.6585	55.1457	55.6127	56.5018	57.8269	58.288	59.079	61.3033	64.3836	75.6478	80	80	80	80	80	68.5176	57.6698	51.8188	47.6573	43.2041	40.3862	37.5513	34.9288	31.7998	31.1129	26.236	25.0028	23.9157	23.1883	22.8586	22.8676	23.2322	24.0522	24.4488	24.4443	23.4668	22.9301	23.019	23.156	23.7364	25.6439	26.4577	25.9249	24.768	24.4685	24.0665	27.0549	30.8988	35.2221	40.4463	45.662	53.0212	66.9101	80	80	80	80	72.5654	68.587	59.2635	50.8223	43.0961	40.4358	37.8542	37.4094	35.2601	34.3317	35.4704	36.4482	38.3088	40.9231	45.1882	45.2889	47.5258	53.4986	80	80	80	80	80	73.5248	60.808	47.0113	40.4286	42.3216	69.1632	80	80	80	80	80	80	80	80	80	80	80	80	80	80	80	80	80	80	80	80	80	80	80
80	80	80	80	80	80	80	80	80	80	80	80	80	80	63.2858	49.4127	42.7709	41.6515	49.8592	55.9328	56.8882	58.8589	59.6859	58.886	59.1639	58.0731	58.8229	61.397	69.1523	80	80	80	80	80	61.7285	51.8097	45.8621	42.4583	39.3148	37.0989	35.9935	33.6116	30.6795	29.1097	25.1949	22.9936	22.7459	22.6687	22.8776	23.6265	24.4663	23.8766	22.7678	22.6014	22.7105	23.1402	23.9841	25.831	26.0036	26.0427	25.4313	24.6281	24.6867	24.441	23.726	23.0127	28.1802	32.1927	36.9459	41.8302	46.8795	54.2838	63.9564	79.1006	79.4955	73.5564	72.5168	69.365	58.954	50.807	45.0794	39.6181	37.2498	36.0829	34.7898	35.0159	33.6672	34.6769	36.8902	38.8412	43.2164	44.0847	45.0325	48.6185	55.7032	80	80	80	80	80	67.7607	47.0917	41.0993	43.1962	51.2033	63.6607	80	80	80	80	72.6085	73.4285	80	80	80	80	80	80	80	80	80	80	80	80	80	80	80	80
80	80	80	80	80	80	80	80	80	80	80	80	80	70.6528	60.0312	48.0224	41.7082	41.3505	46.7571	59.2723	62.2761	69.2912	72.2447	66.7963	61.2636	58.2209	58.0421	59.9605	63.9366	80	80	80	73.2138	57.6034	51.958	47.1276	40.3981	38.3252	36.4551	35.7605	34.8187	30.3013	26.9367	25.9398	25.1619	22.6982	22.9893	23.8775	24.3323	23.7185	22.5886	22.4056	22.4516	22.7553	23.3731	25.4884	25.7664	25.5791	25.1269	24.5432	24.2832	24.2292	24.7342	23.769	23.8392	24.0092	26.5251	29.9233	33.5554	37.7706	42.8139	47.1422	51.9654	55.1147	62.4137	69.1701	69.9617	67.7534	57.3514	49.1271	43.5569	39.9732	36.9387	34.918	34.1573	33.5183	33.4153	33.7352	34.8639	37.2828	40.3071	43.8601	43.5369	46.2356	53.3134	80	80	80	80	80	80	51.834	44.1601	46.2085	49.7635	56.7014	64.4962	80	80	80	70.9436	71.0622	80	80	80	80	80	80	80	80	80	80	80	80	80	80	80	80
80	80	80	80	80	80	80	80	80	80	80	80	80	63.9644	57.2991	48.6073	41.925	41.8543	43.6327	49.8526	74.1267	80	80	80	64.9041	57.1363	56.8051	58.6737	62.3147	73.0471	80	80	64.816	49.8572	45.7285	41.2639	38.8235	36.4874	35.5399	34.4874	32.679	26.1098	25.1628	25.1408	25.1662	23.8284	24.4765	24.0865	22.6663	22.2126	22.3432	22.7752	23.7416	25.2593	25.3101	25.1259	24.6749	24.0989	23.6545	23.6762	24.0022	24.92	23.5191	23.8896	25.0788	26.7798	26.1812	27.2694	30.521	33.9656	37.8569	42.0122	46.5924	48.981	47.9808	52.2236	57.8725	57.0493	53.0544	47.4331	42.7005	38.9374	36.2533	35.3669	33.3346	32.3056	32.632	33.2731	34.1155	35.6805	37.4212	40.713	43.0178	45.2581	51.5747	78.7844	80	80	80	80	80	62.5255	49.9655	48.5428	51.5676	54.2955	60.148	71.7196	77.6745	68.5206	66.9726	69.5767	80	80	80	80	80	80	80	80	80	80	80	80	80	80	80	80
80	80	80	80	80	80	80	80	80	80	80	80	76.8559	60.9135	56.9418	54.273	42.8048	42.3601	44.2026	46.7568	49.4217	56.8124	78.9705	80	64.2008	57.6991	56.3683	57.7384	61.8362	72.6428	80	65.1132	54.6084	49.3867	42.4117	39.4052	35.6249	34.8206	31.2295	30.0399	25.8021	25.466	25.5459	26.4883	27.3433	24.9499	23.7084	22.6521	22.4582	22.6906	23.4879	25.0867	25.3169	25.2654	24.7799	23.9498	23.2491	22.9357	23.141	23.8922	23.3395	23.2875	23.7493	25.3829	27.1441	27.3548	25.3338	23.9136	27.9078	30.495	33.7015	37.1495	41.4185	45.5824	42.1514	44.3633	46.6577	48.1914	42.1899	38.6613	39.1129	37.5514	35.7864	34.5932	32.7932	33.017	32.6162	32.2535	33.099	34.8092	36.3261	39.9556	43.6155	45.4452	49.262	54.2732	80	80	80	80	80	63.4153	56.3374	53.3069	53.1846	54.0563	57.5736	65.3789	66.782	65.2442	64.6251	68.2113	80	80	80	80	80	80	80	80	80	80	80	80	80	80	80	80
80	80	80	80	80	80	80	80	80	80	80	80	80	62.0972	57.1535	54.2049	43.8368	42.8954	44.0023	45.7196	48.7457	53.2257	61.6411	66.2427	53.3839	52.8189	54.9643	57.2435	62.5814	71.4592	72.7418	54.3985	48.0388	43.3458	38.9863	36.9129	35.4391	29.7561	28.3995	27.7806	26.6724	26.7747	27.7852	28.4406	28.6682	24.1291	22.9574	22.9938	23.5538	24.6874	25.1064	25.284	25.1243	24.614	23.7087	22.9035	22.6755	22.679	24.0891	23.0474	22.9561	23.6023	25.5597	26.7724	27.3941	26.766	24.4754	22.9914	26.5246	29.6885	30.4983	32.0484	33.5659	34.4639	33.1379	34.499	35.0416	34.2789	37.5271	35.4875	32.447	32.4236	35.3717	34.1168	33.2046	32.5751	31.8689	32.1988	32.48	33.4246	36.4574	38.7162	41.8953	43.7277	46.5932	52.6551	76.5627	80	80	80	72.6733	61.4831	55.7985	54.3544	55.2692	55.4283	57.484	61.9732	63.634	64.2532	67.3439	80	80	80	80	80	80	80	80	80	80	80	80	80	80	80	80	80
80	80	80	80	80	80	80	80	80	80	80	80	74.14	60.3537	56.5664	54.2045	53.5081	44.394	44.7246	46.0509	48.0988	52.2286	55.1588	53.525	52.7271	53.1104	54.9568	57.5624	59.6084	61.1221	59.4396	50.4431	45.844	41.6492	37.8006	35.5589	28.4225	27.4403	26.7233	26.1951	26.4199	26.9423	27.9462	28.9936	27.7374	24.5237	23.7895	24.5193	25.296	25.4917	25.3276	25.0384	24.2917	23.386	22.9044	22.5398	22.688	23.2468	22.6263	22.6202	23.2527	25.6808	26.3455	26.9718	26.817	25.3308	23.3098	22.5057	25.2634	25.6087	23.5429	21.5502	21.5027	21.1984	23.55	23.8211	23.8081	25.4255	27.4791	31.2163	30.1586	30.0179	30.6274	33.1331	32.2562	31.7497	31.5332	31.7233	31.6784	33.0898	35.566	37.8321	41.3384	43.2882	45.7099	51.8621	64.3647	80	80	80	65.3079	59.1238	54.38	52.9346	55.3428	58.9394	59.8667	62.6061	65.0312	67.5388	80	80	80	80	80	80	80	80	80	80	80	80	80	80	80	80	80	80
80	80	80	80	80	80	80	80	80	80	80	80	71.9956	59.9103	57.0734	54.1632	53.4407	48.4337	45.9166	46.6504	48.4275	52.4462	53.3891	52.4934	52.6857	53.0512	55.7135	52.1366	56.0813	55.2733	50.8347	46.7352	41.2043	39.1822	36.4735	28.8015	26.7885	25.749	25.3335	25.0808	25.2644	23.4493	23.8403	25.2914	24.9509	24.9943	26.9449	26.443	25.7822	25.6139	24.9552	23.9129	23.1056	22.7259	22.3976	22.9375	22.0678	22.3416	22.4317	23.8297	25.6101	26.26	26.8182	26.5695	25.8041	23.3817	22.1946	23.8934	25.5945	24.318	22.8212	22.8066	22.4106	21.3727	22.0239	21.2306	22.5946	21.9316	23.6435	26.91	27.4956	27.7852	28.3408	32.3882	31.1804	30.8433	31.2515	30.8638	31.3415	32.616	34.2792	36.3585	40.2383	43.0768	45.7511	49.7547	59.8116	80	80	67.7229	60.0364	56.6541	53.0427	53.6909	57.843	62.6104	71.4521	80	80	80	80	80	80	80	80	80	80	80	80	80	80	80	80	80	80	80	80	80
80	80	80	80	80	80	80	80	80	80	80	80	74.4102	61.809	56.6198	54.1577	53.9554	53.6285	50.5529	48.4612	49.1024	50.0591	54.6147	54.2117	55.6143	56.1729	56.1111	55.3118	54.134	50.9259	44.3167	41.1209	38.0389	36.3069	32.2548	26.996	24.9228	24.5158	24.1626	21.2749	20.5102	20.5131	21.2655	22.3992	23.9496	24.609	26.2417	28.4017	26.8319	25.4308	23.6178	22.8741	22.5152	22.5743	23.0463	22.1073	22.0966	22.509	24.5573	25.4763	26.1384	26.6248	26.4043	25.718	23.5301	22.1364	21.4281	24.652	25.2595	22.4917	22.1206	22.3989	21.9041	20.7977	21.6075	22.5486	20.766	21.0944	21.3092	24.3856	27.2822	25.8777	25.0163	26.9056	29.5209	28.8451	29.3988	30.8529	31.195	31.7334	33.8824	36.5112	40.0023	43.3107	45.9849	49.8134	62.0454	80	78.3828	62.4246	58.1845	56.2797	54.8011	56.8593	65.6937	80	80	80	80	80	80	80	80	80	80	80	80	80	80	80	80	80	80	80	80	80	80	80
80	80	80	80	80	80	80	80	80	80	80	80	80	68.0624	58.0579	53.8053	53.2401	52.6154	52.7779	54.122	52.834	50.3417	50.5537	49.8936	52.3491	50.9459	54.6261	52.252	48.484	45.1064	41.4975	39.0022	34.6849	30.8963	28.6358	25.7831	24.0853	23.8602	23.2249	19.6024	19.17	19.1869	19.5557	20.5033	22.0097	22.5774	23.1819	25.8967	26.92	24.1388	23.668	22.4673	22.6394	23.2337	22.1474	22.1411	22.6203	24.7323	25.3565	25.7592	26.1551	26.2447	25.7288	24.2025	22.1489	20.9935	23.1922	24.7789	24.4626	21.5165	21.7382	21.7236	21.3563	20.047	20.7646	22.1744	20.0307	19.8157	21.1132	21.2066	27.1217	25.9388	24.7323	24.2587	27.9077	27.7866	27.4111	28.0615	31.1662	32.1601	34.2845	36.5405	40.5734	43.3648	47.4724	50.7532	55.9445	80	67.4658	61.0601	57.9084	56.7279	56.4692	61.7635	80	80	80	80	80	80	80	80	80	80	80	80	80	80	80	80	80	80	80	80	80	80	80	80
80	80	80	80	80	80	80	80	80	80	80	80	80	68.9962	59.1586	56.3286	52.3822	51.4462	51.7071	51.0904	52.4866	53.0417	54.4369	52.2752	51.4203	52.1552	50.4157	47.5767	44.2853	41.3456	39.8537	38.4565	30.9855	29.0233	27.4753	25.2981	23.7385	23.3542	21.9574	18.8411	18.2853	18.0878	18.2968	18.8249	20.1211	21.4103	21.8164	23.5528	22.1219	23.2109	23.6782	24.6243	23.2361	22.14	21.8541	22.6205	24.6555	25.3424	25.5277	25.6867	25.8217	25.7149	24.7967	22.1708	21.2771	21.969	23.3506	24.4018	22.1124	20.8225	22.4139	20.9835	20.5936	19.5837	20.0322	21.6411	19.2853	18.9861	20.8657	19.4815	23.2443	25.9662	21.7746	19.558	19.8311	22.9883	26.4199	27.6522	29.5071	32.3556	33.6952	35.4358	40.2026	41.7394	46.5338	49.393	54.3161	70.9449	61.4258	57.8982	56.2673	55.4323	58.9668	67.852	80	80	80	80	80	80	80	80	80	80	80	80	80	80	80	80	80	80	80	80	80	80	80	80
80	80	80	80	80	80	80	80	80	80	80	80	80	72.0073	62.8186	56.855	54.2221	51.9113	49.6794	49.1632	48.8308	49.2612	48.9453	48.1786	46.7489	46.3062	45.4302	42.5865	40.8774	38.8592	38.2949	34.9601	29.7455	28.0222	26.9079	24.6588	23.6086	23.2699	20.7954	18.4988	17.6254	17.3666	17.4148	17.8593	18.6612	19.673	21.3548	21.5572	19.3992	19.5255	25.4473	28.3907	24.4481	23.9031	24.2366	26.4715	28.0518	26.3787	25.7091	25.6136	25.4129	24.9955	22.2853	21.3149	20.5787	22.3403	23.5959	24.0275	21.0326	20.3851	22.1837	20.3529	19.9736	19.0748	19.4114	20.829	18.696	18.1032	20.3157	19.3527	18.0671	21.842	20.4746	18.5532	18.1487	21.4458	22.2737	22.5917	27.2241	32.058	33.6527	36.3018	40.5494	43.0716	46.6821	49.2552	54.679	64.2791	57.7845	55.2247	53.9791	54.7981	61.9224	75.2038	80	80	80	80	80	80	80	80	80	80	80	80	80	80	80	80	80	80	80	80	80	80	80	80
80	80	80	80	80	80	80	80	80	80	80	80	80	80	68.6097	62.6236	55.7353	52.4734	50.3723	48.4789	47.3243	46.2286	45.2712	45.3148	43.6047	42.4425	41.4885	39.1204	39.8305	38.7409	39.8317	35.6229	29.7179	28.5504	27.1705	24.6091	23.7123	23.3044	20.4421	18.6861	17.681	16.9788	16.9301	17.1864	17.8845	18.6008	19.619	20.5859	19.4382	22.3746	24.3729	25.7772	25.704	27.5539	30.8139	30.9981	32.0318	31.0694	31.2278	27.6609	25.09	24.386	21.3712	20.6722	22.1811	22.4799	23.4858	23.429	20.2437	20.1244	21.8075	19.7861	19.2485	18.5734	18.66	19.879	17.9549	17.2144	19.6147	19.3573	17.4277	18.1916	19.9261	18.4632	17.5634	18.6352	20.3958	20.7184	21.7549	26.7746	33.2499	34.6656	39.8147	42.627	47.0205	49.5402	44.5029	59.3113	55.3516	53.6377	52.3465	54.653	63.5223	80	80	80	80	80	80	80	80	80	80	80	80	80	80	80	80	80	80	80	80	80	80	80	80	80
80	80	80	80	80	80	80	80	80	80	80	80	80	80	80	65.3035	60.2409	55.9774	50.1423	48.8973	46.034	44.7503	43.7076	42.7289	41.7953	41.2301	39.6263	39.9975	40.8609	40.3068	40.7262	40.8785	31.8343	28.3921	27.2168	25.2654	24.6541	24.5307	19.9581	18.4697	17.8597	17.0105	16.9268	17.1671	17.3047	17.9767	18.9809	19.7654	21.3627	23.5012	24.1018	23.5016	23.9585	29.9284	30.4992	31.825	31.4649	31.4252	31.4847	31.2741	25.7073	22.0534	21.09	20.9165	22.0388	22.7036	23.3586	22.8619	19.662	19.966	21.4438	19.2487	18.6855	18.1221	17.9064	19.0943	17.1511	16.3148	17.7771	18.8247	17.6086	16.3778	17.5777	18.6324	17.1097	17.1979	19.6278	19.6906	20.5631	22.3491	26.3138	32.4265	39.3065	43.5383	47.5107	42.6314	41.0538	55.2747	53.3089	52.3531	52.0862	55.4399	66.3741	80	80	80	80	80	80	80	80	80	80	80	80	80	80	80	80	80	80	80	80	80	80	80	80	80
80	80	80	80	80	80	80	80	80	80	80	80	80	80	80	68.5222	62.224	62.1682	57.0258	51.8667	47.4909	46.7462	45.1979	44.4688	42.5844	42.3765	43.3077	41.8258	41.244	42.6171	43.4695	44.5075	36.1021	30.3631	28.3406	26.5473	26.251	26.8766	19.5758	17.9467	17.933	17.4805	17.2116	17.2241	17.2267	17.5563	18.4131	19.7266	21.8502	24.7806	24.7077	23.178	23.0711	23.7768	30.0249	31.654	30.6297	31.6957	31.868	30.7147	27.1133	21.8617	21.0517	22.201	22.2621	23.2789	22.935	20.5682	19.3797	20.384	21.0084	18.7228	18.4116	18.0527	17.2544	18.2768	16.6345	15.7149	16.2695	18.0945	17.6754	15.9506	15.8587	18.4568	17.4487	16.6565	17.3496	19.084	19.9976	21.9068	24.1347	26.366	29.8965	39.3957	41.0777	41.2545	55.0884	53.675	52.6276	52.5071	52.7703	57.882	69.2043	80	80	80	80	80	80	80	80	80	80	80	80	80	80	80	80	80	80	80	80	80	80	80	80	80
80	80	80	80	80	80	80	80	80	80	80	80	80	80	80	80	68.0536	62.5591	62.7733	61.8064	55.1466	48.8121	46.7058	45.594	45.2031	44.403	43.9151	44.2725	45.7485	47.8155	48.1773	50.2959	43.4528	38.1719	34.1847	29.062	37.0402	36.1941	28.4179	20.6935	17.3942	17.4082	17.532	17.7645	17.6732	17.4986	17.7661	19.05	22.538	25.8492	26.2382	24.9557	23.3609	24.0108	24.4277	31.2945	31.0311	31.9	32.6129	31.626	29.8214	25.6038	24.1611	24.4363	24.4565	25.852	26.0651	20.24	19.4733	20.6791	20.5145	18.1695	17.9429	18.6609	16.7996	17.7143	16.1207	15.2723	16.7959	18.5218	17.3453	16.4119	15.6637	16.6137	17.9316	16.469	16.269	18.6477	19.3821	23.5292	24.245	25.6062	26.3862	33.3838	36.4489	39.5937	52.8844	52.0122	51.6161	52.1857	53.8701	60.6245	77.4681	80	80	80	80	80	80	80	80	80	80	80	80	80	80	80	80	80	80	80	80	80	80	80	80	80
80	80	80	80	80	80	80	80	80	80	80	80	80	80	80	80	80	77.4526	65.3068	62.768	61.7789	61.3402	59.0494	56.1228	53.0676	49.9792	49.7189	53.7638	53.4727	54.9845	57.5665	59.0196	52.3279	47.1594	50.6939	43.7108	39.8034	38.5775	37.9406	24.1173	20.4429	17.9991	17.0357	17.28	17.6618	18.1015	17.9506	18.8634	24.1211	26.3374	26.4619	26.1782	25.8379	25.2164	23.7157	26.8791	33.0577	32.6969	32.8428	32.5631	31.4568	31.0227	24.7969	24.0656	26.6658	29.8546	30.0199	22.852	22.6943	22.0047	20.1965	17.9812	17.8413	19.4841	16.4858	16.9812	18.2576	18.1619	17.7426	18.8512	18.7371	18.6331	18.4137	16.9823	17.6298	16.5514	16.0152	18.528	19.0235	23.3702	24.1832	24.8045	26.4667	32.7923	34.0965	38.0561	50.2855	51.382	51.7865	52.3565	55.6015	65.3552	80	80	80	80	80	80	80	80	80	80	80	80	80	80	80	80	80	80	80	80	80	80	80	80	80	80
80	80	80	80	80	80	80	80	80	80	80	80	80	80	80	80	80	80	80	69.305	63.8191	64.6451	62.5805	61.1085	60.3895	60.406	60.9861	61.3084	61.3936	61.8999	62.9719	66.7288	63.7386	59.5303	51.7238	45.4753	41.9386	40.3321	39.7588	29.8508	23.8256	21.017	19.7087	17.0112	18.5134	19.2168	18.5141	22.1416	26.6998	27.6575	27.3143	26.7738	26.47	26.701	26.6444	26.5432	36.2167	36.1527	35.429	33.4523	32.8646	29.079	24.8197	26.7072	30.8771	30.7319	30.5383	23.0695	23.8931	27.5213	24.5269	19.8743	19.9817	21.8114	19.1255	19.3984	20.3606	18.5321	17.7268	18.7758	18.3786	18.3374	18.7866	18.6162	18.3399	17.4519	16.7382	18.3502	18.8512	23.4498	23.9614	24.7513	25.7492	31.4184	32.8853	39.1937	53.8364	52.9668	52.8197	54.1773	60.7835	80	80	80	80	80	80	80	80	80	80	80	80	80	80	80	80	80	80	80	80	80	80	80	80	80	80	80
80	80	80	80	80	80	80	80	80	80	80	80	80	80	80	80	80	80	80	80	80	80	73.7373	67.1034	63.6869	65.6697	67.9361	68.6097	69.1449	77.8299	80	80	70.791	59.3556	51.4852	46.9485	44.1149	42.1046	41.1874	41.1389	27.9307	24.0451	22.425	21.6765	21.5509	22.7256	22.6688	25.3429	28.239	33.6993	41.7881	37.3371	37.3323	38.7126	42.4879	30.7992	36.1731	41.5026	40.3249	38.5857	36.5352	34.7273	31.4427	32.226	31.5399	31.5069	30.3893	29.3739	28.6849	28.967	28.1143	22.3545	21.6886	27.3634	28.0996	28.5514	21.7938	18.7205	18.0704	18.731	19.5144	19.343	18.9862	18.9698	18.3972	18.3113	18.6019	18.718	19.5761	23.3644	24.2056	25.562	26.5771	32.1896	34.2948	43.2576	54.2929	53.5754	54.22	58.2038	68.7329	80	80	80	80	80	80	80	80	80	80	80	80	80	80	80	80	80	80	80	80	80	80	80	80	80	80	80
80	80	80	80	80	80	80	80	80	80	80	80	80	80	80	80	80	80	80	80	80	80	80	80	80	80	80	80	80	80	80	77.0061	66.218	57.9854	51.6075	47.9506	45.0972	43.5572	42.4252	42.2284	39.3787	27.4941	26.0745	25.4485	26.3333	30.3943	40.4378	32.1649	40.3892	42.4233	42.9803	42.5437	40.8268	43.0356	46.3232	47.7096	42.0711	46.4242	46.6225	46.7859	42.8726	40.1214	36.7798	34.8312	32.7228	32.3865	31.4016	30.3201	29.138	29.3981	27.8762	26.5294	26.3729	29.058	29.8768	29.9309	30.0334	20.1738	18.9777	21.4824	20.3381	19.5993	19.0508	18.3661	17.6808	17.5084	17.6559	18.2135	19.2643	23.918	24.2527	25.3998	28.5572	33.1713	36.3824	54.3343	54.4455	54.6042	56.9167	64.0082	80	80	80	80	80	80	80	80	80	80	80	80	80	80	80	80	80	80	80	80	80	80	80	80	80	80	80	80
80	80	80	80	80	80	80	80	80	80	80	80	80	80	80	80	80	80	80	80	80	80	80	80	80	80	80	80	80	78.0694	72.7028	68.4547	62.1513	56.2248	51.3677	48.2288	45.9772	44.6944	43.679	43.372	42.9584	36.6353	31.1091	30.1066	36.9619	47.3199	46.3184	45.5733	44.7212	43.6519	43.3343	43.5359	42.8587	43.7534	47.2959	55.2408	57.5842	52.1687	48.102	48.917	49.4134	47.9408	41.5634	38.9289	35.016	34.4858	34.2415	32.6751	30.9163	30.5176	29.7246	29.101	30.299	30.693	30.7709	30.8669	31.5845	29.7224	25.7069	23.4847	20.7141	20.0764	19.8224	18.8085	18.0707	17.8721	17.9438	18.4484	19.497	24.1417	24.912	27.6237	29.3516	39.5255	54.0993	54.8263	55.5605	57.026	60.6589	74.0995	80	80	80	80	80	80	80	80	80	80	80	80	80	80	80	80	80	80	80	80	80	80	80	80	80	80	80	80
80	80	80	80	80	80	80	80	80	80	80	80	80	80	80	80	80	80	80	80	80	80	80	80	80	80	80	80	73.4437	69.2235	66.4175	63.3212	58.7334	53.9329	50.9448	48.9813	46.9063	45.5386	45.4183	44.4906	44.5839	45.6804	47.9273	49.8919	55.504	53.1808	50.5575	48.5546	46.8467	44.515	43.7326	43.1393	43.5379	44.2174	48.8564	55.6806	60.9227	69.624	67.7798	52.8239	52.1092	49.2691	47.9558	46.1068	44.2194	40.9003	36.3678	35.6165	34.4893	32.3876	32.5629	31.7974	31.6743	31.9578	32.5039	33.4335	32.3504	29.4771	25.9279	24.8069	24.3257	24.1301	21.4511	20.0701	19.4857	19.4177	19.5557	19.8349	25.2719	25.8764	27.1518	28.416	31.9145	39.267	55.8995	56.6578	57.5139	59.3906	64.4766	80	80	80	80	80	80	80	80	80	80	80	80	80	80	80	80	80	80	80	80	80	80	80	80	80	80	80	80	80
80	80	80	80	80	80	80	80	80	80	80	80	80	80	80	80	80	80	80	80	80	80	80	80	80	80	80	72.0141	67.1994	64.591	62.6966	60.0124	55.823	53.1684	51.1128	49.4773	48.3391	47.7888	46.3508	45.9756	46.5441	48.2619	71.6605	80	80	67.4155	57.9098	54.7048	51.3895	47.7828	45.3131	44.1707	45.2351	45.8315	50.6788	57.1442	61.5201	72.4095	80	80	78.5368	54.7558	48.8352	46.8857	45.9211	46.2079	44.8322	41.9855	38.9078	36.5845	35.8216	34.9164	34.0677	33.8565	34.7457	35.2065	33.6719	29.8444	25.8379	25.0978	24.6552	24.9423	25.3628	25.8245	25.9029	26.5788	24.5945	25.7011	30.4375	31.7948	33.0545	34.0541	38.0206	52.3034	60.6885	61.5567	61.3867	62.4419	68.3061	80	80	80	80	80	80	80	80	80	80	80	80	80	80	80	80	80	80	80	80	80	80	80	80	80	80	80	80	80
80	80	80	80	80	80	80	80	80	80	80	80	80	80	80	80	80	80	80	80	80	80	80	80	80	80	73.6224	67.5208	64.8206	62.2721	59.7374	56.7911	54.1275	52.2738	51.3697	50.5268	50.3468	48.5166	48.1036	48.7416	52.347	80	77.7715	80	80	80	80	66.4456	56.9036	49.3758	46.3573	46.5059	47.549	48.3777	54.1005	58.3487	64.0793	78.7874	80	80	80	80	68.3074	51.5823	47.978	46.4145	46.6444	47.5793	46.9515	43.8742	42.2156	40.0507	38.5527	37.9044	37.1653	36.9443	36.076	30.8624	26.1983	25.4645	25.1571	25.3708	25.9568	26.9212	27.007	27.7714	28.9681	34.9262	44.4112	45.2358	44.8698	47.4051	58.5474	71.1772	70.8523	68.3435	65.1636	65.0442	70.0962	80	80	80	80	80	80	80	80	80	80	80	80	80	80	80	80	80	80	80	80	80	80	80	80	80	80	80	80	80
80	80	80	80	80	80	80	80	80	80	80	80	80	80	80	80	80	80	80	80	80	80	80	80	80	77.0094	68.6616	64.667	61.3074	59.2319	56.8899	54.7444	53.1336	52.106	52.158	51.8876	51.2793	51.2336	51.9176	69.6148	80	80	80	80	80	80	80	80	62.6968	51.6925	47.8794	48.1907	49.4347	50.8866	58.0957	62.2015	70.4577	80	80	80	80	80	80	80	80	80	51.4009	53.0955	48.3056	45.4294	45.0797	44.0296	42.8194	42.4546	40.9681	39.8666	40.2012	33.4348	27.8246	26.1455	25.7277	26.6325	26.7905	27.675	28.0225	29.1957	34.3489	46.7947	47.8589	49.4312	55.5314	68.3976	80	80	80	80	72.3705	68.1777	71.4249	80	80	80	80	80	80	80	80	80	80	80	80	80	80	80	80	80	80	80	80	80	80	80	80	80	80	80	80	80
80	80	80	80	80	80	80	80	80	80	80	80	80	80	80	80	80	80	80	80	80	80	80	77.2729	73.4902	69.3062	64.4341	60.3453	57.3245	55.3302	53.9128	53.2533	53.5096	53.7522	53.5577	53.9507	54.3933	55.334	64.6655	80	80	80	80	80	80	80	80	80	67.6501	54.2136	50.4598	49.9793	51.3441	57.4198	62.217	70.0092	80	80	80	80	80	80	80	80	80	80	80	80	75.2673	54.2524	46.6085	45.4836	47.6903	47.2371	46.6052	43.8171	43.0377	36.4438	29.3362	28.5392	27.3862	27.9299	27.8717	28.2878	29.2543	31.9586	37.4973	51.5585	58.1787	64.0445	80	80	80	80	80	80	80	79.774	80	80	80	80	80	80	80	80	80	80	80	80	80	80	80	80	80	80	80	80	80	80	80	80	80	80	80	80	80	80
80	80	80	80	80	80	80	80	80	80	80	80	80	80	80	80	80	80	80	80	74.5764	70.493	69.6516	69.0947	67.4684	63.6339	58.8679	55.0962	53.636	53.0799	53.0886	53.0943	53.9946	54.8431	54.8557	56.4384	58.0304	62.0907	78.7102	80	80	80	80	80	80	80	80	80	65.1939	54.7671	52.1117	50.897	52.4751	58.1206	59.4666	67.219	80	80	80	80	80	80	80	80	80	80	80	80	80	80	80	80	80	80	74.6379	52.192	42.1478	35.9637	29.2536	28.2478	28.2389	28.3407	28.3828	28.8999	30.1303	32.716	40.1318	55.9682	80	80	80	80	80	80	80	80	80	80	80	80	80	80	80	80	80	80	80	80	80	80	80	80	80	80	80	80	80	80	80	80	80	80	80	80	80	80	80	80
80	80	80	80	80	80	80	80	80	80	80	80	80	80	80	80	80	80	80	80	73.7247	68.8806	66.9984	64.7141	61.3096	57.0901	54.2061	52.69	52.0588	52.3284	53.1141	54.461	56.2884	57.8159	58.1507	59.5982	63.2721	75.3194	80	80	80	80	80	80	80	80	80	80	63.2733	54.83	51.3459	50.078	53.3167	57.6417	60.0035	67.9288	80	80	80	80	80	80	80	80	80	80	80	80	80	80	80	80	80	80	80	80	63.3658	52.1304	39.8566	38.2118	34.8261	30.7141	31.3278	31.9778	33.2571	36.0017	55.2524	60.5579	80	80	80	80	80	80	80	80	80	80	80	80	80	80	80	80	80	80	80	80	80	80	80	80	80	80	80	80	80	80	80	80	80	80	80	80	80	80	80	80
80	80	80	80	80	80	80	80	80	80	80	80	80	80	80	80	80	80	80	80	80	80	66.9256	62.1115	57.8215	53.9475	51.5083	51.0772	51.7231	52.3121	53.8614	56.173	58.9834	62.2617	64.5896	67.4138	80	80	80	80	80	80	80	80	80	80	80	71.82	62.4683	56.1922	51.4935	50.2697	52.4861	57.083	62.6263	67.7772	80	80	80	80	80	80	80	80	80	80	80	80	80	80	80	80	80	80	80	80	73.7258	67.2016	47.5235	45.7657	44.418	43.2236	43.1617	43.4212	45.0329	48.1689	52.1245	58.6981	64.0934	80	80	80	80	80	80	80	80	80	80	80	80	80	80	80	80	80	80	80	80	80	80	80	80	80	80	80	80	80	80	80	80	80	80	80	80	80	80	80
80	80	80	80	80	80	80	80	80	80	80	80	80	80	80	80	80	80	80	80	80	80	80	63.3503	56.3025	52.2788	50.9925	51.3828	51.7179	52.8941	55.0129	58.0807	62.1538	69.8472	80	80	80	80	80	80	80	80	80	80	80	80	77.3531	66.6455	62.9947	58.6354	53.9507	52.0346	52.9048	54.9907	60.0056	60.8052	71.0425	80	80	80	80	80	80	80	80	80	80	80	80	80	80	80	80	80	80	80	80	80	80	59.0797	51.6416	48.7999	47.1839	46.9424	46.5978	48.062	50.7606	57.9071	62.7877	80	80	80	80	80	80	80	80	80	80	80	80	80	80	80	80	80	80	80	80	80	80	80	80	80	80	80	80	80	80	80	80	80	80	80	80	80	80	80
80	80	80	80	80	80	80	80	80	80	80	80	80	80	80	80	80	80	80	80	80	80	80	70.6362	58.6349	54.245	52.6216	52.3952	52.7994	53.1485	54.208	58.0669	66.8071	80	80	80	80	80	80	80	80	80	80	80	80	80	80	70.4814	66.2595	65.0143	58.0476	55.6428	53.7243	53.8722	59.4316	59.8191	69.3926	80	80	80	80	80	80	80	80	80	80	80	80	80	80	80	80	80	80	80	80	80	80	80	61.5639	52.7853	49.4566	47.681	47.1632	47.9625	49.9315	55.4224	60.9104	80	80	80	80	80	80	80	80	80	80	80	80	80	80	80	80	80	80	80	80	80	80	80	80	80	80	80	80	80	80	80	80	80	80	80	80	80	80	80
80	80	80	80	80	80	80	80	80	80	80	80	80	80	80	80	80	80	80	80	80	80	80	80	63.6027	58.0233	55.0403	53.702	53.5052	52.8232	54.0606	57.5545	67.2836	80	80	80	80	80	80	80	80	80	80	80	80	80	80	80	80	80	70.8667	58.4995	55.578	54.971	57.4805	62.1707	62.7587	73.376	80	80	80	80	80	80	80	80	80	80	80	80	80	80	80	80	80	80	80	80	80	80	70.2988	57.21	51.7177	49.349	47.7742	48.2167	49.2205	51.8255	59.5475	67.6633	80	80	80	80	80	80	80	80	80	80	80	80	80	80	80	80	80	80	80	80	80	80	80	80	80	80	80	80	80	80	80	80	80	80	80	80	80	80
80	80	80	80	80	80	80	80	80	80	80	80	80	80	80	80	80	80	80	80	80	80	80	80	71.3283	61.3323	56.479	54.5651	54.1227	53.5201	54.9761	58.7651	69.8252	80	80	80	80	80	80	80	80	80	80	80	80	80	80	80	80	80	80	64.7065	58.093	56.5519	56.7013	58.818	59.8494	64.1825	80	80	80	80	80	80	80	80	80	80	80	80	80	80	80	80	80	80	80	80	80	80	80	61.9077	54.3884	50.8732	49.3273	48.6554	49.0552	51.2078	57.8534	62.4103	80	80	80	80	80	80	80	80	80	80	80	80	80	80	80	80	80	80	80	80	80	80	80	80	80	80	80	80	80	80	80	80	80	80	80	80	80	80
80	80	80	80	80	80	80	80	80	80	80	80	80	80	80	80	80	80	80	80	80	80	80	80	80	65.2185	58.9368	55.716	54.7636	54.6344	55.8834	58.7675	68.891	80	80	80	80	80	80	80	80	80	80	80	80	80	80	80	80	80	80	80	60.9783	57.9066	56.646	57.1467	59.2885	61.0177	66.8149	80	80	80	80	80	80	80	80	80	80	80	80	80	80	80	80	80	80	80	80	80	80	71.9956	58.756	53.7634	51.0879	49.497	49.2389	50.9384	56.34	61.0639	72.7104	80	80	80	80	80	80	80	80	80	80	80	80	80	80	80	80	80	80	80	80	80	80	80	80	80	80	80	80	80	80	80	80	80	80	80	80	80
80	80	80	80	80	80	80	80	80	80	80	80	80	80	80	80	80	80	80	80	80	80	80	80	80	69.3824	60.9604	57.6558	55.5371	54.6145	55.0485	58.1983	66.4238	80	80	80	80	80	80	80	80	80	80	80	80	80	80	80	80	80	80	80	75.9447	60.2177	57.6133	56.231	57.2972	58.9733	60.1686	74.2379	80	80	80	80	80	80	80	80	80	80	80	80	80	80	80	80	80	80	80	80	80	80	66.2834	57.2335	53.5186	51.1816	50.1536	50.9572	54.6135	60.6573	71.6845	80	80	80	80	80	80	80	80	80	80	80	80	80	80	80	80	80	80	80	80	80	80	80	80	80	80	80	80	80	80	80	80	80	80	80	80	80
80	80	80	80	80	80	80	80	80	80	80	80	80	80	80	80	80	80	80	80	80	80	80	80	80	77.4382	62.9984	58.6524	56.3944	55.2303	55.1442	59.8745	68.8093	80	80	80	80	80	80	80	80	80	80	80	80	80	80	80	80	71.9164	73.2553	80	80	62.1172	58.3104	56.0966	55.2668	57.3204	58.4099	61.0643	80	80	80	80	79.9725	71.7675	71.8104	80	80	80	80	80	80	80	80	80	80	80	80	80	80	80	80	63.8442	56.2836	53.1541	51.3383	51.288	53.0975	59.2233	66.0585	80	78.8496	76.085	79.3707	80	80	80	80	80	80	80	80	80	80	80	80	80	80	80	80	80	80	80	80	80	80	80	80	80	80	80	80	80	80	80	80	80
80	80	80	80	80	80	80	80	80	80	80	80	80	80	80	80	80	80	80	80	80	80	80	80	80	80	65.1283	60.0009	57.5561	56.4671	49.613	45.929	47.5571	56.4571	56.5983	57.3778	57.724	70.6177	64.99	72.3103	80	80	80	80	80	80	80	80	71.7498	66.8015	65.8027	68.7108	68.1168	64.1479	59.0832	56.3794	54.3251	56.1518	57.2156	55.1768	59.9752	73.836	80	68.6848	62.1117	67.1097	67.0026	71.2217	73.4398	80	80	80	80	80	80	73.4101	73.7566	80	80	80	80	80	80	80	62.0487	55.7485	46.8184	41.7892	37.6788	37.9077	42.166	53.7926	55.0543	57.2635	59.93	65.3092	80	80	80	80	80	80	80	80	80	80	80	80	80	80	80	80	80	80	80	80	80	80	80	80	80	80	80	80	80	80	80	80
80	80	80	80	80	80	80	80	80	80	80	80	80	80	80	80	80	80	80	80	80	80	80	80	80	80	69.2281	61.4749	58.4178	51.9157	43.9213	41.4996	42.7451	51.332	50.1452	49.8473	50.5545	53.4977	57.8492	62.6731	80	80	80	80	80	80	80	76.8113	69.352	54.9578	55.1189	57.5879	60.5615	64.5573	58.9555	56.9209	55.5774	55.3767	55.7932	53.118	51.9888	56.3489	61.8341	56.4497	54.2957	54.5362	54.275	60.0351	67.4005	70.7056	80	80	80	80	80	67.3336	65.8406	71.6088	58.5546	60.1127	70.3819	70.5276	80	80	74.1555	45.0777	34.2331	30.861	30.1019	29.6573	32.1302	40.5517	53.4771	53.396	56.7011	60.8179	61.7375	69.6174	76.4537	80	80	80	80	80	80	80	80	80	80	80	80	80	80	80	80	80	80	80	80	80	80	80	80	80	80	80	80	80
80	80	80	80	80	80	80	80	80	80	80	80	80	80	80	80	80	80	80	80	80	80	80	80	80	80	80	63.4256	59.2221	47.7423	42.8041	39.9511	40.8038	44.3435	46.8585	44.8476	46.0285	47.5574	53.2717	55.6245	69.0331	71.6653	67.6914	67.635	72.5965	80	80	72.8812	56.0725	49.4493	46.1259	45.7121	42.9473	51.6095	49.7603	50.1935	45.3725	40.9596	50.0196	54.0098	50.5253	51.821	48.8529	45.894	43.3625	44.005	44.3758	44.5281	46.6648	51.6081	66.1738	80	80	80	76.6975	64.3541	57.7602	53.9328	47.1687	48.5531	56.0717	56.5805	62.3506	61.2151	55.3704	48.364	34.9293	28.8935	26.4577	26.6694	29.2075	32.592	38.6407	49.1039	55.1597	53.789	57.1135	60.5326	69.8697	80	80	80	80	80	80	80	80	80	80	80	80	80	80	80	80	80	80	80	80	80	80	80	80	80	80	80	80	80
80	80	80	80	80	80	80	80	80	80	80	80	80	80	80	80	80	80	80	80	80	80	80	80	80	80	80	65.4218	59.8029	50.1944	43.616	39.4186	35.1046	37.2343	46.9927	45.3844	43.916	45.2404	47.7421	48.8344	53.3911	56.4707	52.2237	45.8237	42.1629	45.8249	51.6793	57.4243	40.997	39.9125	28.0172	28.4711	28.429	25.98	28.4546	31.0833	28.3149	23.167	29.3274	36.2104	35.7184	29.8131	28.8649	29.2752	37.405	39.4713	35.3834	34.2824	38.8566	47.8121	48.5757	57.5358	57.228	56.8441	51.0316	49.441	45.5843	38.1855	39.6392	41.0889	44.8497	44.9778	52.9526	52.7348	52.6773	49.2605	37.1799	27.9685	23.4696	23.7733	26.4242	28.2519	31.761	38.0582	48.9381	50.3586	52.5301	50.7052	54.2715	57.1272	67.2642	78.1753	80	80	80	80	80	80	80	80	80	80	80	80	80	80	80	80	80	80	80	80	80	80	80	80	80	80
80	80	80	80	80	80	80	80	80	80	80	80	80	80	80	80	80	80	80	80	80	80	80	80	80	80	80	67.8574	59.9159	53.9097	43.9234	35.586	33.166	34.9979	40.9128	40.1972	34.0535	36.8043	37.1332	39.9781	43.4566	35.996	27.1383	24.1564	24.4198	26.2181	35.3185	35.826	30.6037	24.4012	20.9525	19.5839	20.7629	21.0543	21.8172	19.891	22.9282	21.6953	23.603	28.7118	26.65	27.009	25.9695	25.1935	25.2653	25.9949	25.1488	26.3114	23.3745	26.867	27.3503	29.3928	30.79	33.2134	35.7571	34.2375	33.5088	35.6237	37.7521	37.2533	36.1135	41.5186	39.4282	40.6606	43.117	39.7394	39.9436	26.7626	21.6936	20.1316	21.1566	21.9059	21.9662	21.9293	28.4081	26.9504	36.0069	33.7934	39.4591	40.6458	54.5732	55.9605	64.4911	70.5058	80	80	80	80	80	80	80	80	80	80	80	80	80	80	80	80	80	80	80	80	80	80	80	80
80	80	80	80	80	80	80	80	80	80	80	80	80	80	80	80	80	80	80	80	80	80	80	80	80	80	80	70.0193	59.4839	57.7291	41.6377	33.8396	30.5694	29.4913	29.5891	36.0137	33.5249	33.7781	34.8604	29.3626	25.6452	21.793	20.5841	20.1935	22.2308	23.8884	25.019	26.2917	24.563	23.1547	20.2557	18.4022	18.0159	17.7711	17.7268	16.6869	16.1329	19.3647	19.0763	17.6801	18.7798	21.9296	22.0597	22.5273	21.7466	18.7816	15.6718	15.9084	15.915	14.6469	14.3143	13.913	20.1015	27.0919	28.6365	32.503	31.4057	28.837	34.4506	33.4077	32.9631	33.3226	36.833	37.2457	28.9445	30.6443	22.8429	21.7305	15.9944	16.023	16.9931	17.5889	18.1458	18.8301	20.759	21.7881	21.8884	24.9587	29.0383	31.7443	38.2778	49.8999	56.7324	65.0051	79.0446	80	80	80	80	80	80	80	80	80	80	80	80	80	80	80	80	80	80	80	80	80	80	80
80	80	80	80	80	80	80	80	80	80	80	80	80	80	80	80	80	80	80	80	80	80	80	80	80	80	80	66.7935	53.8431	34.7253	28.207	24.825	23.6799	22.7672	24.4628	24.048	22.1467	20.1228	17.9278	17.6401	17.9672	19.0702	18.5404	18.6294	19.4646	23.0398	23.9983	23.1437	22.4163	21.5764	20.0375	18.428	17.8116	15.9177	14.8162	13.2334	12.977	13.0751	13.1773	13.5437	14.6364	18.2864	17.8144	17.887	17.2855	15.5504	14.6207	14.2995	14.4412	14.0866	13.5282	12.7869	12.7507	17.1801	18.2177	25.1007	25.0785	22.0628	21.6231	24.9911	28.316	24.1972	17.267	16.5208	16.3398	15.6866	15.6581	14.7168	15.3017	15.6818	15.511	14.8137	14.6194	15.2386	14.6681	15.6122	16.7124	17.9929	24.1625	27.5702	30.0884	33.9578	46.1585	54.5763	72.2545	80	80	80	80	80	80	80	80	80	80	80	80	80	80	80	80	80	80	80	80	80	80	80
80	80	80	80	80	80	80	80	80	80	80	80	80	80	80	80	80	80	80	80	80	80	75.368	69.1103	68.0421	66.4442	63.0316	42.2257	25.689	21.6301	21.2608	20.5535	19.9659	19.2181	17.8442	17.1649	14.9926	13.5909	12.5634	12.4103	12.6824	13.7493	13.5758	14.3976	15.9411	20.1481	22.7828	22.4017	20.0319	17.6731	17.9483	18.6972	18.0075	16.0409	15.1758	13.8354	13.6185	13.7213	14.1333	14.8231	15.7209	17.0657	17.3345	17.2151	16.9129	15.9723	15.5276	14.8845	14.1944	11.8228	11.513	12.5118	14.4381	18.0794	17.751	18.0313	19.4655	20.9924	20.8709	18.9253	17.9303	15.8996	14.4082	15.8161	16.1282	15.8706	15.6624	15.0569	16.17	15.7759	15.3682	15.1187	14.9373	14.861	14.6952	14.5655	14.3901	14.628	15.7569	22.5662	27.7637	29.528	32.9446	39.8795	61.4193	80	80	80	80	80	80	80	80	80	80	80	80	80	80	80	80	80	80	80	80	80	80	80
80	80	80	80	80	80	80	80	80	80	80	80	80	80	80	80	80	80	80	80	80	80	69.0605	66.504	48.487	44.4024	32.6448	24.4192	19.8065	19.8281	18.2513	16.9177	16.6765	16.7362	14.628	12.6624	13.1887	13.4649	13.1397	13.061	13.1895	13.2007	12.8786	12.8321	12.9364	15.8358	19.9864	20.4031	18.3712	18.7674	19.4606	19.2808	19.1426	18.8907	18.7607	18.1866	17.2978	17.7711	18.5761	19.4232	19.5379	17.639	17.8113	17.7785	17.8364	17.74	19.4335	18.0392	15.877	14.0315	13.6982	13.7306	15.9662	17.5958	17.655	20.9548	22.5732	22.0014	22.1267	22.5439	21.1681	19.5062	18.8761	18.7406	19.2982	20.0878	20.4578	19.7457	18.6842	18.2076	17.6403	17.157	16.9949	16.8699	16.0163	15.4801	14.9278	14.7424	15.3337	19.4102	24.1706	26.1433	28.5801	35.6172	51.7111	77.4249	80	80	80	80	80	80	80	80	80	80	80	80	80	80	80	80	80	80	80	80	80	80
80	80	80	80	80	80	80	80	80	80	80	80	80	80	80	80	80	80	80	80	80	80	68.6051	48.4585	44.4575	43.8349	28.768	24.4119	21.6375	19.603	18.7905	17.2874	16.6579	16.2402	15.2605	14.2809	14.1456	17.493	17.4214	17.5042	16.8941	16.5426	16.4136	16.3793	16.6343	16.9343	19.9604	22.3787	22.545	22.2911	23.1189	23.3156	22.7957	22.3923	22.8981	21.8867	21.5301	21.2556	24.6166	24.1457	22.2515	22.0295	22.6277	22.448	19.8508	20.5601	21.9327	22.1537	18.9044	17.7457	17.2957	17.3447	17.7793	18.4154	17.0714	17.625	23.387	24.5723	23.7592	24.1347	22.8913	24.5264	24.0926	24.356	25.3184	25.4656	24.8195	24.3159	23.2846	23.21	23.0003	22.1515	21.8467	21.9301	20.7814	20.2626	19.6697	19.2736	18.2668	18.3291	20.2033	23.9167	25.7255	27.4011	40.8554	70.4668	80	80	80	80	80	80	80	80	80	80	80	80	80	80	80	80	80	80	80	80	80	80
80	80	80	80	80	80	80	80	80	80	80	80	80	80	80	80	80	80	80	80	80	80	59.7072	48.6092	42.9705	32.5694	28.1126	24.8657	22.6048	22.2522	22.0031	21.109	19.5542	18.8283	18.4051	18.3231	17.888	18.2889	22.6719	22.7337	20.967	21.2533	21.1481	21.0748	20.9336	21.0857	21.4007	21.8403	23.6324	24.6779	24.0107	24.2803	23.6308	23.6003	25.1889	26.2111	25.6161	24.8941	26.4355	26.9764	24.2289	23.9225	26.3078	27.2195	24.4513	25.5219	25.7246	24.404	22.5167	21.7879	21.5165	21.6299	22.0685	21.3628	21.0865	21.4542	24.4381	27.6172	26.7173	25.5007	24.5958	28.2711	28.8241	25.5305	28.9425	29.864	27.6888	26.438	25.9516	25.7757	25.5445	25.2223	24.5336	25.6095	25.327	25.2159	26.1789	26.0802	23.3748	22.4739	22.2332	25.1081	30.2822	30.7942	33.1279	55.8467	79.0882	80	80	80	80	80	80	80	80	80	80	80	80	80	80	80	80	80	80	80	80	80
80	80	80	80	80	80	80	80	80	80	80	80	80	80	80	80	80	80	80	80	80	80	58.6474	47.4655	37.5697	33.0237	29.325	25.1562	25.2908	26.1314	26.3505	25.8927	24.1721	24.3549	24.0834	23.5134	22.1017	21.5285	22.3574	26.3318	26.0231	26.1084	26.4712	26.4355	25.7018	26.3311	26.7998	27.3083	26.7655	26.5479	26.3052	26.6502	27.4166	26.7676	27.5684	28.8685	28.4458	28.0207	27.5449	27.431	28.2986	28.0235	27.6186	26.9245	28.3516	28.9858	29.0725	28.4484	26.7412	26.3108	25.9882	26.7339	26.71	26.143	26.1488	26.5353	26.7592	28.0459	27.5929	28.2644	29.6221	29.4926	28.5309	28.5934	28.5872	29.8382	28.6765	30.5969	29.0198	30.6281	30.2185	29.3088	29.2521	29.7675	29.615	29.4398	29.3636	32.0223	31.6004	28.4702	28.1915	28.6106	35.7676	35.6572	40.4185	51.3618	73.1973	80	80	80	80	80	80	80	80	80	80	80	80	80	80	80	80	80	80	80	80	80
80	80	80	80	80	80	80	80	80	80	80	80	80	80	80	80	80	80	80	80	80	80	80	49.188	40.7111	36.8493	28.4232	28.3273	27.8215	28.9455	30.2659	29.9004	29.4219	30.2731	29.6483	29.5742	26.8371	25.981	25.4698	26.1194	28.6467	28.2271	27.5611	27.8271	27.0426	27.1506	26.5711	26.8567	26.8686	27.685	32.2708	31.6606	31.9749	31.9384	32.0049	32.6713	32.6637	32.7789	32.3502	31.7583	32.3045	32.2442	32.4663	31.3084	32.8097	32.2814	33.7208	32.1378	31.5117	31.5292	31.4657	31.8927	31.7346	30.8933	31.5375	32.0585	32.4982	32.817	32.7331	31.276	30.5899	30.2289	30.4427	30.9324	31.641	30.7422	30.8388	32.2951	34.5581	34.1988	35.1287	34.3955	34.4364	34.7562	34.3291	35.0166	35.1167	34.7254	37.6749	37.5554	36.155	35.585	39.4543	42.5827	46.4851	51.3782	74.8692	80	80	80	80	80	80	80	80	80	80	80	80	80	80	80	80	80	80	80	80	80
80	80	80	80	80	80	80	80	80	80	80	80	80	80	80	80	80	80	80	80	80	80	80	72.4722	50.8814	37.6845	35.3821	33.8108	32.8355	32.2921	33.1896	34.4542	34.2873	34.0232	34.602	34.9329	33.3168	31.7638	31.735	31.7991	34.7924	34.1653	32.5424	32.0762	32.1816	32.5488	29.8442	28.7922	29.2732	29.9563	30.6567	33.2969	34.2951	34.9523	36.1314	37.9815	35.895	35.3723	36.3418	37.2649	37.7974	37.6448	37.3523	35.6191	37.2495	37.4929	36.4494	35.081	35.9725	36.9031	37.2844	37.653	37.6347	36.8367	37.7965	38.5574	38.8596	33.8701	33.2966	32.5969	32.6327	32.7657	32.5428	35.7817	36.2187	36.4513	36.609	36.8036	40.4404	40.2739	40.7511	40.863	40.3585	41.6263	41.4915	41.4361	41.1074	40.8343	43.8748	45.3848	45.3567	44.2023	44.5455	49.9874	50.7195	66.1825	80	80	80	80	80	80	80	80	80	80	80	80	80	80	80	80	80	80	80	80	80	80
80	80	80	80	80	80	80	80	80	80	80	80	80	80	80	80	80	80	80	80	80	80	80	80	56.9916	47.0055	44.0074	41.4507	39.0418	38.0899	38.4843	39.2842	39.495	39.5303	40.7482	41.1473	41.7255	41.2287	39.322	38.2578	41.7995	42.7687	38.1332	38.1452	38.599	39.1903	34.9809	35.0913	35.5851	36.089	36.7622	37.4149	38.0941	38.5906	39.0142	39.3699	39.678	40.0515	40.378	40.6172	40.7403	40.7363	40.6134	40.4033	40.249	40.2233	40.1219	40.0594	40.1026	40.2001	40.4337	40.6904	41.0167	41.4699	41.2276	41.1474	40.7223	39.9678	39.2674	38.6598	38.3657	38.306	38.7885	42.6179	42.7364	43.0636	43.154	43.4628	47.5357	47.0869	46.4607	48.1031	47.4471	47.8738	49.1437	48.7623	49.3374	51.6858	52.1132	54.3587	54.2442	54.548	54.7657	57.2725	58.6935	80	80	80	80	80	80	80	80	80	80	80	80	80	80	80	80	80	80	80	80	80	80	80
80	80	80	80	80	80	80	80	80	80	80	80	80	80	80	80	80	80	80	80	80	80	80	80	65.4833	59.0152	54.6983	51.1346	48.0502	46.4843	45.6177	45.8052	46.4984	47.3153	48.1315	49.3083	50.0756	49.0896	48.8732	46.3501	49.0816	49.537	44.6655	45.4067	46.1592	46.9232	42.1143	42.1765	42.6395	43.0961	43.6654	44.3582	45.1365	45.576	45.8909	46.3167	46.8483	47.2948	47.328	47.8517	48.2749	48.0064	47.6567	47.3433	47.2109	47.1838	47.2589	47.2429	48.0193	47.9224	48.2286	48.4611	49.0013	49.0703	48.9938	48.869	48.2932	47.3692	46.4258	45.8207	45.5416	45.8916	46.4779	50.8038	50.5652	50.5575	50.6962	52.5158	56.4356	56.3209	56.167	55.8897	55.7448	55.5769	56.8294	57.1422	57.7798	59.3332	59.077	61.4791	64.3351	65.121	66.1011	68.0944	74.426	80	80	80	80	80	80	80	80	80	80	80	80	80	80	80	80	80	80	80	80	80	80	80
80	80	80	80	80	80	80	80	80	80	80	80	80	80	80	80	80	80	80	80	80	80	80	80	80	73.7862	67.8647	63.1491	59.1339	56.2965	54.9492	54.3596	55.6104	57.1435	58.2011	59.564	59.1888	57.2264	58.4595	58.5757	55.0025	52.4628	52.8972	53.8175	55.5085	54.9399	49.3385	49.7815	50.3899	50.7478	51.3137	52.1607	53.0621	53.4237	53.8425	54.3762	54.9554	55.5231	55.9784	56.1807	56.6123	56.5527	55.9499	55.7136	55.4325	55.3233	55.5685	55.7714	56.9105	56.8661	57.0353	57.553	57.2878	58.2935	58.0401	57.7398	56.8882	55.7012	54.7243	54.3039	53.9268	54.093	55.0201	60.1385	59.9129	60.1935	60.3285	60.8576	65.4661	66.8229	67.9992	70.4303	74.6968	70.5493	66.5099	68.7222	68.9515	68.2732	67.7676	78.0399	77.4034	78.7534	79.3726	79.1369	80	80	80	80	80	80	80	80	80	80	80	80	80	80	80	80	80	80	80	80	80	80	80	80
80	80	80	80	80	80	80	80	80	80	80	80	80	80	80	80	80	80	80	80	80	80	80	80	80	80	80	77.9633	72.9751	69.5562	66.6119	65.225	65.996	67.9958	70.3764	71.4359	68.7565	68.4437	69.8232	68.8677	61.8264	62.3465	64.5842	64.8821	65.0151	63.5822	58.1576	58.6494	59.022	59.1811	60.0523	61.0725	61.9491	62.4705	63.0428	63.8376	64.7025	65.067	66.2296	66.2284	66.2259	66.3803	65.6356	65.5929	65.3171	65.332	66.0811	65.7283	66.9905	68.4588	67.2173	67.834	67.4434	68.1964	67.9937	67.5885	66.6397	65.2155	64.3031	63.6253	63.5793	63.7345	64.731	71.4648	70.2933	69.5635	69.4381	69.7486	71.6278	74.5539	76.3547	80	80	80	80	80	80	80	80	80	80	80	80	80	80	80	80	80	80	80	80	80	80	80	80	80	80	80	80	80	80	80	80	80	80	80	80	80
80	80	80	80	80	80	80	80	80	80	80	80	80	80	80	80	80	80	80	80	80	80	80	80	80	80	80	80	80	80	80	80	80	80	80	80	80	80	80	75.278	77.0508	78.5316	80	80	80	71.6814	66.9696	67.7753	68.6552	69.2441	70.2928	71.4844	72.4051	73.1752	74.4021	75.2093	75.9685	77.2179	80	79.6632	77.6143	77.4424	77.2792	77.5382	78.7706	77.703	78.1116	80	80	80	80	79.9443	80	80	80	80	79.0045	76.6082	74.8736	75.2486	74.8242	75.211	75.9583	80	80	80	80	80	80	80	80	80	80	80	80	80	80	80	80	80	80	80	80	80	80	80	80	80	80	80	80	80	80	80	80	80	80	80	80	80	80	80	80	80	80	80	80	80
80	80	80	80	80	80	80	80	80	80	80	80	80	80	80	80	80	80	80	80	80	80	80	80	80	80	80	80	80	80	80	80	80	80	80	80	80	80	80	80	80	80	80	80	80	80	78.8925	79.3518	80	80	80	80	80	80	80	80	80	80	80	80	80	80	80	80	80	80	80	80	80	80	80	80	80	80	80	80	80	80	80	80	80	80	80	80	80	80	80	80	80	80	80	80	80	80	80	80	80	80	80	80	80	80	80	80	80	80	80	80	80	80	80	80	80	80	80	80	80	80	80	80	80	80	80	80	80	80	80	80
80	80	80	80	80	80	80	80	80	80	80	80	80	80	80	80	80	80	80	80	80	80	80	80	80	80	80	80	80	80	80	80	80	80	80	80	80	80	80	80	80	80	80	80	80	80	80	80	80	80	80	80	80	80	80	80	80	80	80	80	80	80	80	80	80	80	80	80	80	80	80	80	80	80	80	80	80	80	80	80	80	80	80	80	80	80	80	80	80	80	80	80	80	80	80	80	80	80	80	80	80	80	80	80	80	80	80	80	80	80	80	80	80	80	80	80	80	80	80	80	80	80	80	80	80	80	80	80
80	80	80	80	80	80	80	80	80	80	80	80	80	80	80	80	80	80	80	80	80	80	80	80	80	80	80	80	80	80	80	80	80	80	80	80	80	80	80	80	80	80	80	80	80	80	80	80	80	80	80	80	80	80	80	80	80	80	80	80	80	80	80	80	80	80	80	80	80	80	80	80	80	80	80	80	80	80	80	80	80	80	80	80	80	80	80	80	80	80	80	80	80	80	80	80	80	80	80	80	80	80	80	80	80	80	80	80	80	80	80	80	80	80	80	80	80	80	80	80	80	80	80	80	80	80	80	80
80	80	80	80	80	80	80	80	80	80	80	80	80	80	80	80	80	80	80	80	80	80	80	80	80	80	80	80	80	80	80	80	80	80	80	80	80	80	80	80	80	80	80	80	80	80	80	80	80	80	80	80	80	80	80	80	80	80	80	80	80	80	80	80	80	80	80	80	80	80	80	80	80	80	80	80	80	80	80	80	80	80	80	80	80	80	80	80	80	80	80	80	80	80	80	80	80	80	80	80	80	80	80	80	80	80	80	80	80	80	80	80	80	80	80	80	80	80	80	80	80	80	80	80	80	80	80	80
80	80	80	80	80	80	80	80	80	80	80	80	80	80	80	80	80	80	80	80	80	80	80	80	80	80	80	80	80	80	80	80	80	80	80	80	80	80	80	80	80	80	80	80	80	80	80	80	80	80	80	80	80	80	80	80	80	80	80	80	80	80	80	80	80	80	80	80	80	80	80	80	80	80	80	80	80	80	80	80	80	80	80	80	80	80	80	80	80	80	80	80	80	80	80	80	80	80	80	80	80	80	80	80	80	80	80	80	80	80	80	80	80	80	80	80	80	80	80	80	80	80	80	80	80	80	80	80
80	80	80	80	80	80	80	80	80	80	80	80	80	80	80	80	80	80	80	80	80	80	80	80	80	80	80	80	80	80	80	80	80	80	80	80	80	80	80	80	80	80	80	80	80	80	80	80	80	80	80	80	80	80	80	80	80	80	80	80	80	80	80	80	80	80	80	80	80	80	80	80	80	80	80	80	80	80	80	80	80	80	80	80	80	80	80	80	80	80	80	80	80	80	80	80	80	80	80	80	80	80	80	80	80	80	80	80	80	80	80	80	80	80	80	80	80	80	80	80	80	80	80	80	80	80	80	80
80	80	80	80	80	80	80	80	80	80	80	80	80	80	80	80	80	80	80	80	80	80	80	80	80	80	80	80	80	80	80	80	80	80	80	80	80	80	80	80	80	80	80	80	80	80	80	80	80	80	80	80	80	80	80	80	80	80	80	80	80	80	80	80	80	80	80	80	80	80	80	80	80	80	80	80	80	80	80	80	80	80	80	80	80	80	80	80	80	80	80	80	80	80	80	80	80	80	80	80	80	80	80	80	80	80	80	80	80	80	80	80	80	80	80	80	80	80	80	80	80	80	80	80	80	80	80	80
80	80	80	80	80	80	80	80	80	80	80	80	80	80	80	80	80	80	80	80	80	80	80	80	80	80	80	80	80	80	80	80	80	80	80	80	80	80	80	80	80	80	80	80	80	80	80	80	80	80	80	80	80	80	80	80	80	80	80	80	80	80	80	80	80	80	80	80	80	80	80	80	80	80	80	80	80	80	80	80	80	80	80	80	80	80	80	80	80	80	80	80	80	80	80	80	80	80	80	80	80	80	80	80	80	80	80	80	80	80	80	80	80	80	80	80	80	80	80	80	80	80	80	80	80	80	80	80
80	80	80	80	80	80	80	80	80	80	80	80	80	80	80	80	80	80	80	80	80	80	80	80	80	80	80	80	80	80	80	80	80	80	80	80	80	80	80	80	80	80	80	80	80	80	80	80	80	80	80	80	80	80	80	80	80	80	80	80	80	80	80	80	80	80	80	80	80	80	80	80	80	80	80	80	80	80	80	80	80	80	80	80	80	80	80	80	80	80	80	80	80	80	80	80	80	80	80	80	80	80	80	80	80	80	80	80	80	80	80	80	80	80	80	80	80	80	80	80	80	80	80	80	80	80	80	80
80	80	80	80	80	80	80	80	80	80	80	80	80	80	80	80	80	80	80	80	80	80	80	80	80	80	80	80	80	80	80	80	80	80	80	80	80	80	80	80	80	80	80	80	80	80	80	80	80	80	80	80	80	80	80	80	80	80	80	80	80	80	80	80	80	80	80	80	80	80	80	80	80	80	80	80	80	80	80	80	80	80	80	80	80	80	80	80	80	80	80	80	80	80	80	80	80	80	80	80	80	80	80	80	80	80	80	80	80	80	80	80	80	80	80	80	80	80	80	80	80	80	80	80	80	80	80	80
80	80	80	80	80	80	80	80	80	80	80	80	80	80	80	80	80	80	80	80	80	80	80	80	80	80	80	80	80	80	80	80	80	80	80	80	80	80	80	80	80	80	80	80	80	80	80	80	80	80	80	80	80	80	80	80	80	80	80	80	80	80	80	80	80	80	80	80	80	80	80	80	80	80	80	80	80	80	80	80	80	80	80	80	80	80	80	80	80	80	80	80	80	80	80	80	80	80	80	80	80	80	80	80	80	80	80	80	80	80	80	80	80	80	80	80	80	80	80	80	80	80	80	80	80	80	80	80
80	80	80	80	80	80	80	80	80	80	80	80	80	80	80	80	80	80	80	80	80	80	80	80	80	80	80	80	80	80	80	80	80	80	80	80	80	80	80	80	80	80	80	80	80	80	80	80	80	80	80	80	80	80	80	80	80	80	80	80	80	80	80	80	80	80	80	80	80	80	80	80	80	80	80	80	80	80	80	80	80	80	80	80	80	80	80	80	80	80	80	80	80	80	80	80	80	80	80	80	80	80	80	80	80	80	80	80	80	80	80	80	80	80	80	80	80	80	80	80	80	80	80	80	80	80	80	80
80	80	80	80	80	80	80	80	80	80	80	80	80	80	80	80	80	80	80	80	80	80	80	80	80	80	80	80	80	80	80	80	80	80	80	80	80	80	80	80	80	80	80	80	80	80	80	80	80	80	80	80	80	80	80	80	80	80	80	80	80	80	80	80	80	80	80	80	80	80	80	80	80	80	80	80	80	80	80	80	80	80	80	80	80	80	80	80	80	80	80	80	80	80	80	80	80	80	80	80	80	80	80	80	80	80	80	80	80	80	80	80	80	80	80	80	80	80	80	80	80	80	80	80	80	80	80	80
80	80	80	80	80	80	80	80	80	80	80	80	80	80	80	80	80	80	80	80	80	80	80	80	80	80	80	80	80	80	80	80	80	80	80	80	80	80	80	80	80	80	80	80	80	80	80	80	80	80	80	80	80	80	80	80	80	80	80	80	80	80	80	80	80	80	80	80	80	80	80	80	80	80	80	80	80	80	80	80	80	80	80	80	80	80	80	80	80	80	80	80	80	80	80	80	80	80	80	80	80	80	80	80	80	80	80	80	80	80	80	80	80	80	80	80	80	80	80	80	80	80	80	80	80	80	80	80
80	80	80	80	80	80	80	80	80	80	80	80	80	80	80	80	80	80	80	80	80	80	80	80	80	80	80	80	80	80	80	80	80	80	80	80	80	80	80	80	80	80	80	80	80	80	80	80	80	80	80	80	80	80	80	80	80	80	80	80	80	80	80	80	80	80	80	80	80	80	80	80	80	80	80	80	80	80	80	80	80	80	80	80	80	80	80	80	80	80	80	80	80	80	80	80	80	80	80	80	80	80	80	80	80	80	80	80	80	80	80	80	80	80	80	80	80	80	80	80	80	80	80	80	80	80	80	80
80	80	80	80	80	80	80	80	80	80	80	80	80	80	80	80	80	80	80	80	80	80	80	80	80	80	80	80	80	80	80	80	80	80	80	80	80	80	80	80	80	80	80	80	80	80	80	80	80	80	80	80	80	80	80	80	80	80	80	80	80	80	80	80	80	80	80	80	80	80	80	80	80	80	80	80	80	80	80	80	80	80	80	80	80	80	80	80	80	80	80	80	80	80	80	80	80	80	80	80	80	80	80	80	80	80	80	80	80	80	80	80	80	80	80	80	80	80	80	80	80	80	80	80	80	80	80	80
80	80	80	80	80	80	80	80	80	80	80	80	80	80	80	80	80	80	80	80	80	80	80	80	80	80	80	80	80	80	80	80	80	80	80	80	80	80	80	80	80	80	80	80	80	80	80	80	80	80	80	80	80	80	80	80	80	80	80	80	80	80	80	80	80	80	80	80	80	80	80	80	80	80	80	80	80	80	80	80	80	80	80	80	80	80	80	80	80	80	80	80	80	80	80	80	80	80	80	80	80	80	80	80	80	80	80	80	80	80	80	80	80	80	80	80	80	80	80	80	80	80	80	80	80	80	80	80